,RA,Dec,Id
0,149.97188491648254,1.7227600246301775,1470336.0
1,149.88684924538495,2.177384232535002,227022.0
2,150.2469007867018,1.660913004024263,278336.0
3,150.5359255193489,2.0976112382412677,881148.0
4,149.56010480729347,1.6898808231791356,1208600.0
5,150.76143685058895,2.3872713548515114,128688.0
6,150.33978378837574,2.2914276437875123,223687.0
7,149.98768279930783,2.6003267603879583,1531388.0
8,150.16608698280308,1.7891726927592608,872778.0
9,150.05419127128278,2.3157963217982815,516606.0
10,149.7580270957021,1.911949855529281,1015879.0
11,150.5616460187567,2.875763719926641,524549.0
12,150.25375955574498,2.236053663076085,1338528.0
13,150.7149408556455,2.162196755979485,843646.0
14,149.7736127735888,2.932415462243109,1399684.0
15,150.3284598764519,2.6884883831748425,1361873.0
16,149.97654478605122,1.594262299985642,872778.0
17,149.66457866356953,2.8964942148466264,197439.0
18,149.78353576038472,1.5658960602595442,1390737.0
19,149.8659002396712,1.9332071205775836,1099860.0
20,149.65372012516275,1.5935517611109469,1296205.0
21,149.75071628335888,1.8010613014929433,1424359.0
22,149.6485440415277,1.8157663574912797,710776.0
23,150.67943504507355,2.8753133110896534,937841.0
24,150.3744552149748,1.76320881444035,942392.0
25,150.49095550416786,1.6746528556514488,670677.0
26,150.58323605578929,2.4440385355956415,1532616.0
27,149.64612652645167,1.6965682845426513,1503404.0
28,150.04691921159952,2.219940632111169,321727.0
29,150.14657566031198,1.6832926380735296,1553003.0
30,150.3191840213105,2.599373881427108,943206.0
31,149.837676165932,2.373835522596882,941841.0
32,149.7927419063269,2.8696683345148424,1353144.0
33,149.95582830930636,1.520020783779223,427523.0
34,150.6244402391282,2.412821647630021,897436.0
35,150.47427956775059,1.6584648870136194,872778.0
36,149.66912232430775,2.8307968029464057,579592.0
37,149.9235253163156,2.084455341110772,245313.0
38,150.51674167303423,2.314281710330226,298101.0
39,150.1738996760097,2.3201902942429546,1253266.0
40,150.00669483923926,2.3966734390701285,548307.0
41,149.97995907547977,1.95933019361742,985507.0
42,149.6420967525476,1.9341313919786196,475300.0
43,149.68239759520233,1.8719803442257754,925444.0
44,149.79554043924395,2.5757810909242136,1392370.0
45,149.74660931147127,2.0652150683742185,578800.0
46,150.42352540065897,2.121013968464733,203323.0
47,149.95138850258323,1.5519533116699835,1529042.0
48,149.7932301873985,1.5466873299750383,1432259.0
49,149.43882977760347,2.9210067302788794,764526.0
50,150.73442287992768,2.354156925987576,779787.0
51,150.37648595431983,1.6902874484310535,702512.0
52,149.83288143662938,2.2691229675140168,576542.0
53,150.25220894733988,1.9303379513268901,1004760.0
54,149.83533709267053,1.9772367057583777,265252.0
55,149.98858570490464,2.2801081513872643,1503937.0
56,150.5481662508356,2.766490465818072,1264458.0
57,149.47419462368865,2.097071666847175,872778.0
58,149.9462906766148,1.8217879183537167,518141.0
59,149.4720512556058,2.9162502210156243,1148729.0
60,150.51241996349145,2.0751818481398536,519646.0
61,149.96985352295516,2.7149998118549092,826546.0
62,150.34098698525503,1.7285504092516335,1204903.0
63,150.77388715930718,2.3775613656400703,391649.0
64,149.85382522556705,2.4209184121979463,1231265.0
65,150.11970317661562,2.076831471850782,1431986.0
66,150.83695312707707,1.5665912957713046,1350537.0
67,150.40875596608,1.5209029905472267,1123398.0
68,149.48037330337868,2.0451985031409254,1075684.0
69,150.03394384067323,1.7231484047312227,490324.0
70,150.64993762654305,2.2615544359377147,235304.0
71,150.42931184484445,1.7137348806245845,872778.0
72,150.32122528648105,1.558966956675328,569436.0
73,150.84389382913346,2.1505085161244573,597988.0
74,150.75700899032665,1.7367721248673942,1558327.0
75,149.75571699182842,1.8610319986152248,1016112.0
76,149.48469966420407,2.6526095147568336,600155.0
77,150.56180360726103,1.9876042912009837,591951.0
78,150.4365208246376,1.7683374269776684,872778.0
79,149.50558579473096,2.7027960381805363,1356691.0
80,149.6386490688413,2.574411080541825,866072.0
81,149.64039082403576,2.6380518389836016,1572603.0
82,150.7014144798514,2.4907178017854523,1257403.0
83,149.57264997277747,2.510179679743475,1407352.0
84,150.09689078719865,2.713875764714915,788053.0
85,149.6560168508469,2.7134561531305805,872778.0
86,150.4614142828922,2.2228421891054415,381978.0
87,149.8716100320125,2.190716474455562,426634.0
88,149.7986025311681,2.1100422458032932,598535.0
89,149.8787452339091,2.0446978906012268,872778.0
90,149.9011990945775,1.629456311732735,1006070.0
91,149.61175158501052,1.8728151048175325,1260325.0
92,149.8662696354638,1.5899594135036383,1031869.0
93,150.339719844261,1.7032038931398579,1527812.0
94,150.3149729401174,2.4710703605953523,545044.0
95,150.73252839669397,2.0223601980846877,1552474.0
96,149.87740490021946,2.687098701262064,1539407.0
97,150.23887741246494,2.2088145144006255,1541919.0
98,149.44069889757392,2.392918674177148,676553.0
99,149.75205555696482,1.6374739186314442,872778.0
100,150.160943441251,2.742933528648681,1217594.0
101,150.52810156080707,1.951217335714605,787335.0
102,149.68308699564744,2.540363142883499,327828.0
103,149.68799946034358,2.2350830543403406,344594.0
104,150.8324157041961,2.483833752758483,1402082.0
105,149.44351087823935,2.2594578236165597,1085666.0
106,149.92712334979765,2.7414037975530343,1282230.0
107,149.7740653941322,2.9235951961379456,862379.0
108,150.12385586395496,2.854912134944544,246795.0
109,150.3171129327773,2.44930712766573,639256.0
110,150.19507633189656,2.0451592806171552,691087.0
111,150.37062324761143,2.633797521364411,872778.0
112,150.12537370753085,2.5868493946369764,872778.0
113,150.31676418203938,1.6985291672389318,1345246.0
114,150.75346069822297,2.3008699668057657,898485.0
115,150.30833778292114,2.8360421473014403,375695.0
116,150.77796751870926,1.7810255192276303,328328.0
117,149.86991221213734,2.7516174286123953,950189.0
118,150.00739029609605,2.3179975739464873,872778.0
119,150.0676646305894,2.0972946108187065,1581251.0
120,149.75151564391197,1.5243649721236623,295201.0
121,149.43511881759466,1.797502183344411,1218780.0
122,150.30109345374825,2.727052550668049,643430.0
123,149.85756251423498,2.2986247262370503,1467267.0
124,150.34804406078464,2.766734658767831,1146721.0
125,150.04808457454976,2.877882250616425,346997.0
126,150.37064998107297,2.5383353220267253,1413222.0
127,149.82332946692475,1.9697239318981734,483967.0
128,150.0207601024747,1.967896165001011,864845.0
129,149.55867066412088,1.5153218946548244,1576386.0
130,150.7838793970657,1.7006416870920558,481251.0
131,150.2924684591823,2.075445481782929,1341927.0
132,150.48035051888945,1.9305786106487086,872778.0
133,149.65806644636695,1.8565241396179606,296465.0
134,150.08586125072517,2.912328438903847,1431962.0
135,150.12120943309793,2.564538521483578,847906.0
136,150.3382565393677,2.365166318045606,582438.0
137,150.66990703899847,1.8780781255428116,1175565.0
138,150.72769431102304,2.2205330161432135,886380.0
139,149.68687903912343,2.6375458220484154,583017.0
140,149.52135018789804,2.393945549341243,188040.0
141,150.65568169182734,1.8822424976807248,249001.0
142,150.34575526974697,2.11988714639812,219163.0
143,150.01010249866565,1.9680677959814532,386908.0
144,150.5589383180385,2.1425272914676663,631379.0
145,149.7026585519455,2.3498014595164283,480010.0
146,149.79486655090892,2.5040949291384385,278017.0
147,149.781478665342,2.081444771466268,770986.0
148,150.63917817506,1.7304335759430567,611156.0
149,149.59776359597342,2.1135290010168015,1457966.0
150,150.19526596833035,2.673592812272389,1192748.0
151,150.5231867229753,1.6140365965421701,169430.0
152,149.58539087730225,2.3675718522325746,872778.0
153,149.935992804998,1.8413266542275641,866072.0
154,150.6457957100202,2.6653484852366054,529846.0
155,150.5300603396756,2.1916099889376355,166566.0
156,149.67126289709745,2.769623098163934,837265.0
157,150.83119391676257,1.9621539339283167,1051799.0
158,150.67427523582356,1.9069121627892687,268813.0
159,150.13397149618487,1.9099556172239671,872778.0
160,149.59274623325032,1.7750941877071604,1221826.0
161,149.55826392397606,1.995606352739418,679694.0
162,150.6199953293403,2.8489272399159797,145507.0
163,149.6591757890682,1.7546752632612916,1207692.0
164,149.557364169789,2.5263192798281775,630384.0
165,150.31545679397667,2.371055667685447,400783.0
166,150.62950827407408,1.5763555030698588,345541.0
167,149.7212362118469,1.875795531462655,1121597.0
168,150.70959674201245,2.7640146016627014,1258671.0
169,150.4451544846698,2.186716216099984,1204687.0
170,150.1917516563884,2.5719192331620953,668803.0
171,149.97826506218195,2.668286707742052,1452625.0
172,150.2643670866822,2.8730263738503377,872778.0
173,149.9556580150908,2.25894825568383,653919.0
174,149.52914114493836,2.2675115641943595,576787.0
175,149.85387671340922,2.611746464408771,1410485.0
176,150.15173305853747,1.5348227882363437,461161.0
177,150.58956466971335,2.059291900041293,493458.0
178,149.86956580532487,2.6414542937613628,911040.0
179,150.12322948081882,2.0683170572918046,1315245.0
180,150.08289802550772,2.2831989686051983,872778.0
181,150.35979952197698,2.2099834315189035,683653.0
182,149.9065570536601,2.148341341149367,1256744.0
183,150.6695486022806,1.8887790389271621,795620.0
184,149.85984431952767,1.6814395742561659,1254376.0
185,149.83168691861286,2.6223956714500174,1062575.0
186,150.7180451824408,2.741799732023352,274967.0
187,150.54316015569282,2.1079963853369694,1508253.0
188,150.34747981865752,1.6985260955131494,576587.0
189,150.73172447945578,2.4958518044615716,1256192.0
190,150.4550150880153,2.0088741955826217,1177397.0
191,149.96423003210626,2.274513737884294,1258544.0
192,150.4370249160923,2.410061327350928,925681.0
193,150.73699742070056,2.742977528217803,1500012.0
194,150.17548815781046,1.6991102667884332,598419.0
195,150.34069490821327,2.3234356322509893,872778.0
196,150.20082760798482,2.7324740167414086,579492.0
197,150.4288715526038,2.0290168776115487,481400.0
198,150.4955032748926,1.595544121764046,549272.0
199,149.9148743293153,2.4134556188227574,1158122.0
200,150.67000847307153,2.4276199519592088,212436.0
201,149.43820222401354,2.187378418764021,629454.0
202,150.47691587215112,2.6385156054049297,1200353.0
203,150.61425291349815,2.6900129217416335,872778.0
204,149.69184883611734,2.2215617382928707,1379286.0
205,149.72445370473443,2.3826812347736404,1463251.0
206,150.40291239007973,2.3026358735266506,873603.0
207,149.9632897583347,2.738532862185372,872778.0
208,149.6612984096413,2.595889338041329,872778.0
209,149.92036941593406,2.267456176227343,199746.0
210,149.88008192652586,2.348064124384485,1449901.0
211,150.65418722090638,2.6642156294748,801694.0
212,150.04968613990854,1.5394186814868867,1193986.0
213,150.68167589929186,2.794816082851054,1117668.0
214,149.57156512785446,2.2674106725948517,678292.0
215,150.30348447042167,2.5099212099716968,1256627.0
216,149.53308321449404,1.5321758876390317,373437.0
217,149.6747661220618,1.9268675935262038,1148523.0
218,150.22147390346902,2.7890652668685156,1493915.0
219,150.4359828651527,2.61031543426033,168479.0
220,149.55289693833183,2.5907484265462526,1391375.0
221,150.77042351596273,2.8506186471657737,712056.0
222,150.56877517920464,1.9084328990917003,872778.0
223,150.350903006527,1.589335032240454,235545.0
224,149.5737049647023,2.462932813286227,678055.0
225,149.62262386417765,2.677405622512835,1376117.0
226,150.80377925091787,2.359024552497353,655622.0
227,150.33156107360577,1.9534376871958448,1023953.0
228,149.94396972520772,2.265280551787937,1562033.0
229,149.73995504606162,2.912880360023679,1507001.0
230,150.7701338680045,2.15596758276027,1322047.0
231,150.75987253491485,1.8827634318192181,521823.0
232,150.588497491388,2.6289169837853708,346387.0
233,150.3471888216163,1.6575038626685328,1470983.0
234,149.87125078491826,2.196858382038342,1017298.0
235,150.53722932102005,2.2933495806643736,373437.0
236,150.68764758631576,1.8322825582703728,1503227.0
237,149.82963231542618,2.388814191697208,360508.0
238,150.75160449472227,2.7612456293781693,301401.0
239,150.67815868641432,1.7297292589392463,709270.0
240,150.61538740366115,2.2994230406855944,1187324.0
241,149.48437041021816,1.6794999620817779,963100.0
242,150.59980018088,2.544877159620011,769934.0
243,150.575291705764,1.9137541361115213,1172083.0
244,150.15994648363474,1.596032716597199,811352.0
245,150.63083888600968,2.7004875466557676,930657.0
246,150.30216335539092,2.8163324688366673,912908.0
247,149.99236076889292,1.820334979725093,940232.0
248,150.03068530268385,1.9678283083921095,342085.0
249,149.47052399378157,2.6104158139128275,872778.0
250,149.85356345498028,1.694802770800669,600155.0
251,150.01026003198373,2.2778636805014596,474417.0
252,149.61130879541105,1.7032409161838187,1335371.0
253,150.26953291746395,2.0582292863197162,898821.0
254,150.00125251797274,2.53340711931276,1106065.0
255,149.4721879656178,2.2871332532169535,311000.0
256,150.19579910058786,2.053292043439808,824197.0
257,149.90909103250695,1.704965140654713,1482966.0
258,150.33790311185746,2.0556212776611043,1168065.0
259,149.98357591074776,2.696727799395884,1334795.0
260,149.69500617280687,1.8652643024633557,649714.0
261,150.13230803459732,2.2231126343007426,687195.0
262,150.6787970856057,1.5896063653700514,1251322.0
263,150.53641881693548,2.0196154388550074,223345.0
264,150.22555417166996,1.8849302348748114,876534.0
265,149.7274830564487,1.8654545143459935,1518717.0
266,149.58500337316082,2.342523918390111,895321.0
267,149.49470618523063,2.0762122282317605,297046.0
268,149.61579882227247,1.9242598171097252,872778.0
269,149.69244312319967,1.915478145595572,167992.0
270,150.46502384625464,2.5234530315978905,1339140.0
271,150.7292688503398,1.8528242083320645,1135233.0
272,150.5049505608785,1.5542157829596597,345688.0
273,150.43002718662183,2.029955070027374,806482.0
274,150.5863859388571,1.5504134178447635,1527403.0
275,150.41890526786327,2.5827118168510985,1327931.0
276,149.7166207971728,2.5459551370822533,1355685.0
277,150.1946686895193,2.69061662831061,493917.0
278,150.74354368332123,2.2614998107904762,1016112.0
279,150.54565395626364,2.888322158494834,1457921.0
280,149.94896680438373,2.3086523451507017,1283447.0
281,150.16096472525203,2.3968289788779815,995097.0
282,149.58834487255533,2.470965891893145,341647.0
283,150.80203927962802,2.929811444083603,1392370.0
284,150.30438524469992,2.927294807667809,279349.0
285,150.738890045966,2.7676329940835207,1073102.0
286,149.8517796443485,1.688891733061802,1525266.0
287,150.21593203212763,2.530366380739096,1136008.0
288,149.62616830004046,2.22558646918368,1018289.0
289,150.30165391389082,2.4117066050479234,1275738.0
290,150.00198892223412,2.731394563808835,1353474.0
291,150.83288057472984,1.7902571710763837,597988.0
292,149.63481082967644,2.7909065665056305,886097.0
293,149.49480884647062,2.87255990840647,1439152.0
294,150.10199976810318,2.642741659676072,551810.0
295,150.03200750462466,2.471990527171596,1457141.0
296,149.68153480017875,2.704453625465237,478823.0
297,149.7724815943796,2.5330426981203376,1213341.0
298,149.97123162455748,2.0766819733227835,1201099.0
299,150.74332005267541,2.8292373161576476,1131246.0
300,149.7676998938862,2.15922707559466,810238.0
301,149.82417269733006,1.5364757549200518,215205.0
302,150.6204982019316,1.7247761717161585,285016.0
303,150.6536992669834,2.1717736153924463,1264458.0
304,150.30141406464773,2.431451489616358,1034141.0
305,150.81444208741252,2.2774535783328194,277406.0
306,150.51437448405008,2.2506412797838937,549748.0
307,150.61975655966188,2.4248000679155517,872778.0
308,149.47512654482082,2.6860064907628356,1169955.0
309,150.66739048396155,2.837847318524713,878110.0
310,149.65321024633758,2.236778096637046,268793.0
311,149.91901694501414,1.710804511716654,987158.0
312,150.02077867386973,1.5337533504185443,1558776.0
313,150.49981308410162,2.3139310701161877,1381510.0
314,149.86088144160422,2.9088712166193593,841080.0
315,150.57738742409367,2.7324589398202033,1558776.0
316,150.2860885674055,2.487411433266815,663144.0
317,149.87084464808223,1.6231239791336634,181112.0
318,149.5021224733395,1.9112217883876115,614449.0
319,150.54391398737886,2.7404457996177545,1523158.0
320,150.02764013973052,2.7365904734927247,521275.0
321,150.5406885753159,2.607585937501799,1384228.0
322,150.02156029699427,1.667281840837177,591951.0
323,149.61134553231904,1.685885303700777,406150.0
324,150.7525075738456,2.8744200773697735,1191762.0
325,150.28259761016886,2.392113394868498,1522828.0
326,150.44857975615616,1.938290426271937,906396.0
327,149.95558871420283,1.9172760318874311,988780.0
328,149.6802476571141,2.9349444396572943,1406807.0
329,149.4932154988437,2.843163602234191,728043.0
330,150.53640138509877,2.617843495960795,1167848.0
331,150.00244603373494,2.745402390695107,688033.0
332,150.84187653128183,1.5241240833293714,1160008.0
333,149.72399774685522,1.7718946221245646,687877.0
334,149.7048562272288,1.6489050306256805,872778.0
335,150.66743905977106,2.469475771840579,872778.0
336,149.81050455122354,2.1445963374668233,1108038.0
337,149.44655432894223,2.8100845001093933,1557238.0
338,149.78026138146524,2.023520799724581,1390753.0
339,149.53010928669087,1.5689201422004757,872778.0
340,150.06073481885656,2.2970519055743805,1153936.0
341,150.1094447565169,2.1036033074349083,1360551.0
342,149.5537307905763,2.415122942855448,177525.0
343,150.2612616244383,1.6688985544013222,872778.0
344,150.1025817951524,1.9564850764513775,1420414.0
345,150.35213527484305,2.8535332356535625,872778.0
346,150.46349447152716,2.40258272318524,907795.0
347,149.51621605203422,1.709984651486174,257391.0
348,150.55852594140964,2.7120759417222176,872778.0
349,150.42427416067147,2.1188106674352607,526309.0
350,149.9640344355586,2.6481859408563326,360230.0
351,150.0343388687908,2.6633554344052808,1001799.0
352,150.57513500215723,1.5911649880173502,784074.0
353,150.1881145939494,2.7100791245525917,338573.0
354,150.15984797670586,1.8043190910775602,872778.0
355,149.65386782560756,2.1931467377781364,1168065.0
356,150.00013168841508,2.610230385773135,1141327.0
357,150.58581495626618,1.9286992426787055,1497608.0
358,150.3528444564064,1.515737987684237,1457921.0
359,150.8356848823601,2.8848075348718307,1261048.0
360,150.43564339623552,1.9766515225305599,1410242.0
361,150.40260195492002,1.7509299172595854,764526.0
362,150.57837434454007,2.2016636478168348,135202.0
363,150.55515492211183,1.8909036938850938,1390315.0
364,150.59019882892707,2.827644140589253,877663.0
365,150.35422567821414,1.712560669553176,169050.0
366,150.7544055667682,2.115534672200754,615590.0
367,149.75326447916606,2.153789279442724,1030162.0
368,150.83694319957212,2.1738542517371124,152579.0
369,149.434082428543,2.552617043856678,1293256.0
370,150.1332383541763,2.299007512475854,971825.0
371,149.57705641226738,1.821169500480241,1087875.0
372,150.43231343197098,2.8698073443358445,974736.0
373,150.61562047031077,2.1023072201073685,840948.0
374,150.44478193695076,1.816121833708995,655726.0
375,150.27189153195,1.7998407939268695,853269.0
376,150.20802507072378,2.0270015760510134,427523.0
377,150.2682348081843,1.5975631315612546,1123398.0
378,150.0152743929891,2.4357496513277295,872778.0
379,150.3880168572237,1.877936415112174,749008.0
380,150.1188334084572,2.5823563386326844,760715.0
381,149.83797759857703,1.8610103600155488,1401218.0
382,150.12123406483397,1.8330521947635112,1256902.0
383,149.71840519917578,1.6953812935012917,718058.0
384,149.73008613944322,2.567056366550996,975862.0
385,150.22600113792444,2.3741575291014847,226872.0
386,150.1367026706874,1.9536789813543884,1129531.0
387,150.45259078995758,1.9754823717160055,790751.0
388,150.8364512991552,1.523923713725815,642393.0
389,150.08588916682027,1.6439062770301478,872778.0
390,149.5990068763006,1.9778365088799679,570139.0
391,150.05883017925288,2.3367764521034724,395116.0
392,149.7331981557177,2.238289719080868,458629.0
393,149.46846781362643,2.049451777175281,1267920.0
394,150.5762616733716,2.719178714987374,1240151.0
395,150.04943843926188,2.5408617900131483,1411957.0
396,150.05861002481868,1.5322994423828415,1293768.0
397,150.72319061191268,2.853979094603406,764860.0
398,149.7152969139471,1.5988806060594938,415533.0
399,150.48398825252897,1.5757864121987637,1449901.0
400,149.92913930547041,2.793385997797764,872778.0
401,150.74446474211777,2.171406210775272,631554.0
402,150.24428829119475,2.810870539741056,258688.0
403,150.75530163080245,2.514362450124584,1011327.0
404,150.82552361646387,2.483993988576243,1374637.0
405,149.68169586763528,1.692055966684102,1128413.0
406,150.0474806312547,2.6816572005593162,831121.0
407,150.43753926775892,2.004643414635145,648272.0
408,150.36310845756964,1.8242867670718086,418802.0
409,150.1596400545442,2.0242858373181396,1051245.0
410,150.59609824502556,2.0436949392808357,989426.0
411,150.72726359000697,1.9554731574020896,597707.0
412,150.72635907747457,1.8841148431242412,574846.0
413,150.20899672594675,2.819114847334707,1473084.0
414,150.26283749085763,2.825961817618997,207126.0
415,150.01881726540705,1.8749298437048347,630384.0
416,150.12849429736323,2.090830008363641,1012450.0
417,150.04425274773993,2.765446917882758,872778.0
418,150.41274822331582,1.8077803768643068,896261.0
419,149.7220171263689,2.4716705233221985,872778.0
420,150.39296615411067,1.5618894316047431,1129531.0
421,149.78893721458832,2.491652635150646,1082712.0
422,149.62194716213034,2.0578869515528897,425223.0
423,150.27524411251204,2.714564383337531,684993.0
424,150.71079872578866,2.0691687176977585,957860.0
425,149.46139685378245,2.2790513028864425,896079.0
426,150.52491197941544,2.1313336906841713,668692.0
427,149.96387175980445,1.628559883262505,872778.0
428,150.75666538617378,2.6869889719280096,1247710.0
429,149.92017020493606,1.9207637004370373,1226136.0
430,150.69707570334043,1.8091037106829888,1328354.0
431,149.97650028057356,2.6678584445947813,982076.0
432,150.29859212469356,2.769709811260637,243863.0
433,150.663982764356,2.7618045061644523,911040.0
434,149.82799751700986,1.8246942726637574,1181425.0
435,150.58467705949698,2.4956744880299424,837265.0
436,149.57701856577916,1.8812004287926793,872778.0
437,150.50334818407447,2.199033518984389,1360967.0
438,149.595970492045,2.7681699786980114,1041562.0
439,149.78277160949042,1.9685435090963617,1267092.0
440,149.4797454602179,2.2615369325110204,316863.0
441,150.49251505753486,2.1824451429855785,1342543.0
442,150.4931278758087,2.1191252705004113,1205178.0
443,149.5712289762177,2.0750976237227214,226545.0
444,149.73812495362841,2.1596870604899854,905429.0
445,150.37581389221234,1.80714177378654,987158.0
446,149.86546577401023,1.683092950036257,648272.0
447,149.940326921837,1.7403816768548082,1113742.0
448,150.05596916806596,1.642133659361877,873638.0
449,150.34328872998398,2.235891293520492,765571.0
450,150.78765212891386,2.486588941788222,670335.0
451,150.3019263272383,2.002824298485738,730839.0
452,149.84331083940089,2.6248887435556414,1287091.0
453,150.64413810303103,2.3439691905110003,872778.0
454,149.5066229726289,2.6311512943402295,999536.0
455,150.83756781077457,1.5754341751698997,707121.0
456,149.4691143659252,2.8643191223683573,1503227.0
457,150.36214787327947,2.497613429906365,495845.0
458,150.3193826824301,2.671771667302796,672898.0
459,150.08541622153405,1.635585666808184,854118.0
460,150.8464607781406,2.3453967592924654,872778.0
461,150.79801306490248,2.4450818290532013,1352799.0
462,149.62931962214788,2.902019681047519,821928.0
463,150.55612371691117,2.321256902241824,1390737.0
464,150.2344119497547,2.14228568531861,904622.0
465,149.93422102114434,2.360278483745931,554534.0
466,150.59115306514343,2.521642556182768,412707.0
467,150.677349858831,2.107799035077953,872778.0
468,149.90892711067067,2.69881497657268,872778.0
469,150.40577373915968,2.7532213516483326,641558.0
470,150.50901249359947,2.8846188945907407,1011809.0
471,150.44849258872682,2.240987819524337,930657.0
472,149.84546939025157,2.8238227311217003,244240.0
473,149.60741675144058,2.0274267618141284,713361.0
474,150.56161139620968,2.7120030471133543,777178.0
475,149.64152289357628,2.3965247175699123,534301.0
476,150.58628784678712,1.5825670119628554,1374625.0
477,150.4991775443602,2.7024643057788413,371872.0
478,149.97621597763884,1.8582056201944768,1427620.0
479,150.48743870439608,2.427985301363316,795620.0
480,149.97639482016882,1.577965804993778,872778.0
481,149.80702453352308,2.719558893204586,955260.0
482,149.4663325865133,2.9334305335775825,504559.0
483,150.48803922747302,2.15636915025874,1347996.0
484,150.7489156343715,2.617775376230493,947827.0
485,150.36497817160947,1.7099193462851892,795439.0
486,150.06144038312252,2.4413575999798183,971889.0
487,150.32397926945566,2.3652831570970494,324202.0
488,149.903160910964,1.604508401269774,153418.0
489,150.36512578211244,2.1572551231791435,872778.0
490,149.75104906261203,1.6534601058407001,852454.0
491,149.49733730057812,2.1615580133672028,549748.0
492,149.73853604985555,2.499499735794856,176452.0
493,150.00191969337473,1.729104384694611,976700.0
494,150.15789809886616,2.553890176657678,872778.0
495,150.62682529045034,1.8545991526520336,649503.0
496,150.03224715254137,2.5909513272761036,144760.0
497,149.5240751926999,2.5669171362594616,872778.0
498,150.64039870098827,2.296375551036842,872778.0
499,149.78690125214584,2.7839694849708607,873603.0
500,150.61037522961772,2.190132481908333,872778.0
501,149.91501260068404,2.9204607841627896,872778.0
502,150.36636504652526,1.7056679265271306,810238.0
503,150.74095957305664,2.12727453441789,1214095.0
504,149.53904355342888,2.096381115263031,1438176.0
505,149.86977506547223,1.6974864791066342,1113803.0
506,150.20474246878356,1.5968290662704223,1538295.0
507,149.6404128112418,1.7584250471587026,1460213.0
508,150.22313844279685,2.8139300780040344,677860.0
509,149.66102467508733,2.1930387961247764,330566.0
510,149.89409903127114,2.8506453108189715,196629.0
511,149.45481349632837,2.1274129117910303,1350537.0
512,149.78587682036795,2.330394792026182,1077248.0
513,150.4651508358636,2.2604847668243937,1457921.0
514,150.11316179716002,2.642071147576647,973434.0
515,150.29441622997803,2.283131288374403,149676.0
516,150.82200641100323,2.8944393518582716,450531.0
517,150.38473029998505,2.5114697037051745,404722.0
518,150.82376357518726,2.5464392909465308,1247710.0
519,149.58538858988024,2.6746822621163577,1527812.0
520,150.83602227199134,1.6277562896733846,1387414.0
521,149.9468460393289,2.398451361802421,1264843.0
522,149.67933091684256,2.7147697415644183,872778.0
523,149.6921194152188,1.8493620388338063,375695.0
524,149.47808930597682,2.8017052313691995,249801.0
525,150.07941756715059,2.218579138867204,132271.0
526,150.02592241555894,1.6791985306507504,174618.0
527,150.5392508134163,1.8381800912155113,1107782.0
528,150.60411579128248,2.1921787858299613,1486173.0
529,149.91095853014738,2.1018579228690126,1088787.0
530,149.45699630112438,2.0746836362648384,1155996.0
531,150.46880453554985,1.6362934438928698,832030.0
532,149.71280744620694,1.621488146506975,1137176.0
533,149.5250865811271,1.6676091467872192,935773.0
534,149.6211003562647,2.305446133568761,1401213.0
535,150.1368275912814,1.6157329076145934,718058.0
536,150.41501629134547,1.8769188364170177,741605.0
537,150.15898230685562,2.6974407681393933,213052.0
538,150.82038076582182,2.572667538116257,1529042.0
539,149.74357498416293,2.9116981677178106,380926.0
540,149.8308023613492,2.5978126950392824,278211.0
541,150.16268455660847,1.8380188168485208,771232.0
542,150.7870022235261,2.5822368909264597,642393.0
543,150.0577105291886,2.905721274355721,1184732.0
544,149.92469226002103,1.723536376731247,1492781.0
545,150.59032965135597,2.8999008910129622,1559306.0
546,150.77959244471305,2.048885880165066,1414524.0
547,149.69191046111243,2.4306583159393944,1286102.0
548,149.85726164337905,1.7011089869116263,446200.0
549,149.9701516777455,2.66043254597829,771297.0
550,149.84894063112748,1.5535824729248542,539774.0
551,149.7118452987928,2.368585546988175,872778.0
552,150.77341960623596,2.484844437694249,1141653.0
553,150.70329582730525,1.6153780704031004,1255300.0
554,149.79302300531842,2.853518945083149,182925.0
555,150.25458310053085,2.247377377046662,189679.0
556,150.66835608253538,1.8248310293878438,1058545.0
557,150.02626870475044,2.129900419437922,872778.0
558,150.67472598368255,2.8120464883139924,523314.0
559,150.46421913721534,2.907642226969074,814223.0
560,149.56238381237912,2.0889966802533424,1553444.0
561,150.34029012112026,2.3141570459721814,914342.0
562,150.57471941471877,2.201013429114103,723336.0
563,150.26937434880313,2.929414363861432,872778.0
564,150.58881565116718,2.1418913816673264,1164210.0
565,149.47416983243113,2.243825632895711,1486741.0
566,150.4337431329708,2.6733051352104664,815135.0
567,150.6922713895706,2.3367219225553306,1509223.0
568,150.65698988573874,2.5202305975421657,471794.0
569,149.6076889652125,2.4583350289181665,413341.0
570,149.86556976727883,1.5701997925151687,946544.0
571,150.76529238917783,2.5620496799990553,1230897.0
572,150.25708986475198,1.9504858662959077,1519627.0
573,150.41632582618539,2.366768687035907,373437.0
574,149.62090190729356,2.1999621111649246,336131.0
575,149.76901680091902,2.458831578308197,575692.0
576,150.32807553150457,2.5301513835914564,532365.0
577,150.20925278325572,2.458246368270325,1566360.0
578,150.8309432827507,1.6358447531957216,875496.0
579,149.5383004700547,2.443773843587177,555235.0
580,149.85401620864485,1.851800513937052,126616.0
581,150.6733311976219,1.728797295870755,1128157.0
582,150.3223906881172,2.224448014052852,1108038.0
583,149.8393118472458,2.191942855563961,906396.0
584,149.8297085944984,2.6472617398945615,1144675.0
585,150.74805444675752,1.7075402153889538,611156.0
586,149.90746579389332,2.4120673734435805,872778.0
587,150.24725376538555,2.257930758653858,1369516.0
588,149.46273262868468,1.8794060378144561,706423.0
589,150.3941405623292,2.6267471419669755,1037790.0
590,149.96615652761318,2.8558129641597096,542645.0
591,149.94289656355429,2.2938062566385526,141796.0
592,150.11872521057273,2.6626356196679217,1369999.0
593,150.12768786415845,2.5961604637437987,1141719.0
594,149.79449171328827,2.7977199861848794,1421103.0
595,149.47396915344478,2.8167518184124516,1368872.0
596,150.52698994659406,2.4201430301720213,177920.0
597,150.83928511175054,1.7269173278405048,119662.0
598,150.65161949838074,2.8350281904316796,1342543.0
599,150.69194462051124,1.6337655314537551,934305.0
600,150.00112217564669,2.018478004108161,497564.0
601,150.1018320533435,1.9407638381739065,1097926.0
602,150.25084702953066,2.554728854136778,177501.0
603,150.24670870760352,2.231973767340796,949552.0
604,149.79531386872858,2.5021334442862226,778436.0
605,150.60261469495006,1.5683164182629727,707941.0
606,150.84213858514786,1.588698489396275,789607.0
607,149.9503726661666,1.9348799629330902,759771.0
608,150.74317797800663,1.9518007989994057,1584200.0
609,150.54065253024396,2.0164941966909087,480573.0
610,149.60244126132392,1.9925932966225264,759771.0
611,149.59949717210935,2.5935414967415484,875828.0
612,150.81966518176998,1.7241386548496056,1088787.0
613,149.96999471259238,2.221986483891847,919968.0
614,149.90133348187314,2.09773808764431,299580.0
615,150.75787805779603,2.524556732574692,1172174.0
616,150.00532328446818,2.8747196796038175,391325.0
617,150.03734978352,2.8361353297917393,1391102.0
618,149.7183353749288,2.5285250639168506,872778.0
619,150.38125109205308,2.7832861952155805,1256041.0
620,149.55908981233634,2.1067866729405242,872778.0
621,150.65187788692194,1.659740520534661,1382829.0
622,150.76076455260272,2.2910582203313385,1190799.0
623,150.70859261501133,2.461199909290897,1516211.0
624,149.8558102151146,2.868107327992047,1551034.0
625,149.525308070243,2.697699477285073,1362610.0
626,149.61343316067126,1.6339294593312712,1369999.0
627,149.57583207538391,2.8046105474369334,730839.0
628,150.8485740108864,2.813576189289133,1388743.0
629,150.12223172503238,2.765186311908419,548307.0
630,150.78987026737659,2.1906280699273593,435714.0
631,149.7984656354096,2.3398845758570554,1351268.0
632,149.5561373953589,2.304821911615627,297537.0
633,149.46212641173193,1.6361578884055312,1067113.0
634,150.5792185699549,2.4943261267128474,351009.0
635,150.58493556174548,2.404350792567787,338686.0
636,149.6127990317246,2.733317902138393,421537.0
637,150.312227824121,1.6038159898813398,701316.0
638,149.73849176642858,2.613741837270446,971825.0
639,149.90394686667688,2.831484965782556,215205.0
640,150.15216883682922,2.2711216490859685,872778.0
641,150.14216580608607,2.25000893780498,477194.0
642,149.52084411256794,2.466274165772412,557123.0
643,150.51571443297314,2.8043628967728043,558231.0
644,150.2398361811789,1.928403007120172,872778.0
645,149.4899329358997,2.372928547580114,724910.0
646,149.4555906687863,1.6181973772449154,1253266.0
647,150.61952274329434,2.4773551415467723,1234596.0
648,150.42199494280268,2.896638416823416,1598278.0
649,149.59797045354603,1.8727381400131056,1570264.0
650,150.18992033383614,2.853123644242522,1109489.0
651,150.8153190405445,2.0991287182322504,872778.0
652,150.67203801301568,1.5745417878700279,872778.0
653,149.46768792690293,2.107065957181355,1238786.0
654,149.70325294837508,1.9916864424365817,1534816.0
655,149.9898082579537,2.833458532594766,189298.0
656,150.5446609644647,2.0481780202357145,725418.0
657,149.93105311398912,2.237359904361842,804580.0
658,149.54106678595627,2.111836224765614,611118.0
659,150.8275785870384,2.55091419542486,425899.0
660,149.5854063347088,1.9955535251685355,179132.0
661,149.80518594385276,2.8607381144653385,551810.0
662,150.46099164513694,2.2685088042389276,1214172.0
663,150.30538032467948,2.803857742567412,872778.0
664,149.61118303938673,1.9701922940245573,542034.0
665,150.7317939603373,1.6801302355334238,519328.0
666,150.06063656240144,2.5177457965450203,273761.0
667,149.50729456804177,2.9265220807616137,1050072.0
668,149.9765547377814,1.526799058804221,1517509.0
669,149.88759966495252,1.8012463326540935,483113.0
670,149.71565001805055,2.5150001461854963,872778.0
671,149.99511261569234,1.8907251514890016,658889.0
672,149.99009331551193,2.823230420876386,1541919.0
673,150.0308654174499,2.1941980376387686,1213406.0
674,150.40736330522034,2.7416844389846187,665162.0
675,150.62698037401415,1.5452713875738997,1036708.0
676,149.56849329073026,2.2970209364920495,708520.0
677,149.5217905372392,2.236144433985821,820679.0
678,150.51810154275893,1.6565169768357966,954530.0
679,149.74999436633675,2.295640261192906,872778.0
680,149.82156975424255,1.845026216478122,471794.0
681,150.35224127660925,1.8883112311437062,1189198.0
682,149.99740252900094,1.5752773193500829,1100534.0
683,150.53681212763084,2.452670774306175,1438388.0
684,150.45760680046902,2.5384034342716824,688161.0
685,150.403722779041,2.335383773287344,1072622.0
686,149.93095253441453,1.6905016380025675,872778.0
687,150.42170632703431,2.2698361510509137,1264843.0
688,150.82932911395184,2.4511295677021896,1203552.0
689,150.7027123274344,2.4405188173541745,265782.0
690,149.61635510187085,2.6119899068255124,1045696.0
691,150.8180953015992,1.9298047576039479,1186914.0
692,150.3324097596866,1.7739071218061753,1557238.0
693,149.93280096789934,2.9078836618381247,1232863.0
694,150.22323853191054,2.116477519948095,872778.0
695,150.51409671018632,1.8366764233762252,687335.0
696,149.75244760935655,2.023272955662675,607097.0
697,149.95058894282846,1.9563565277894015,519328.0
698,149.89118646220956,2.4808527402665486,1071309.0
699,149.72023581545017,2.9359306651344754,126616.0
700,150.4596625743411,2.8814896661649954,1334323.0
701,150.38996690574152,2.7839592578018735,331101.0
702,150.14982009295085,2.195648624851572,1378872.0
703,149.8354695982937,2.1085209271855003,1213406.0
704,150.77538370955995,2.0698176198453577,1292258.0
705,150.08295968157694,1.6765133746577712,1442729.0
706,150.27013843634828,2.622009850344558,359817.0
707,150.67722380596496,2.798678690019231,1317818.0
708,149.74076564547033,2.3075452212689846,431483.0
709,150.54516600145854,1.7594054170220432,958738.0
710,150.2446997617283,2.6997387502355,852532.0
711,149.6172870598403,2.1734033671683055,525519.0
712,150.3711652765715,1.8178009296063404,791718.0
713,150.4478837757325,1.572187053679639,1003955.0
714,149.8239958662247,2.0340702452483024,835760.0
715,149.4837874831419,2.809146635261885,1247710.0
716,149.56509438687075,2.5972568849341635,872778.0
717,150.1413950509112,2.0699175041553937,542645.0
718,149.77201746097919,2.8883822297493307,214107.0
719,149.48022906752377,2.791746439958402,1332198.0
720,150.05181631348358,2.2642218292584775,1042989.0
721,150.18744824538922,2.1537413537507515,1339492.0
722,150.59351938310678,2.1029239544628817,753701.0
723,149.88830985068898,1.603362615971319,285623.0
724,150.11058689653606,2.704481399292325,306599.0
725,150.60089812475564,2.548987282165314,950314.0
726,149.43582784540584,2.511644956750777,632139.0
727,150.60993243811362,2.767157877198515,176452.0
728,150.3857073511532,2.91491579441725,1357698.0
729,149.8083162344378,2.1767334936311804,1113336.0
730,150.59187033849133,1.8298355458750344,1282199.0
731,150.83037639904038,2.152201019294636,1352799.0
732,150.70698797583708,2.670290746640105,1436041.0
733,149.51337435089624,1.6286023542918007,1320315.0
734,149.9196800750184,2.1027563328096703,168569.0
735,149.99303522548243,1.8271280580206342,1393643.0
736,150.20658608542516,1.6587968250644858,991005.0
737,150.2868674176773,2.549902154228377,1168042.0
738,149.98962864369759,2.8564241836706232,1486741.0
739,149.53190982731206,1.7713224137769696,872778.0
740,150.14616863141376,1.852019812360329,1199379.0
741,150.06894450727015,2.613824191751772,872778.0
742,150.22552639836726,2.253285711797415,181112.0
743,150.70203468019199,1.7573692828819683,872778.0
744,149.84779757247142,1.5318881156961095,840688.0
745,150.72123465560227,1.8634032158888987,773095.0
746,150.221386992928,2.5095523630738685,1468195.0
747,150.0715323149116,2.6327074208078507,788867.0
748,149.82836787714706,2.2067041400774112,1436852.0
749,149.87080209007422,2.632449005693565,1132893.0
750,150.57051961989234,2.1240578051780834,259676.0
751,150.68375920433223,2.3600957292720253,221448.0
752,149.81250977747771,2.544559773513745,1433957.0
753,150.50401420977678,2.528401592961326,1386895.0
754,149.71957738372205,1.6446190601810287,1222694.0
755,149.4795550819455,2.0727552165225154,1051245.0
756,150.73821710690427,1.884143061594981,1309695.0
757,150.36017209138342,1.8586962377148941,1320369.0
758,150.5898110973948,2.3107687057598545,1129531.0
759,150.84642211448187,2.812957019454375,1344549.0
760,150.71707045741516,2.0582310993945865,345941.0
761,150.77966786504766,2.2433826357661193,1177329.0
762,149.91863005915263,2.3002493054165245,1010859.0
763,149.78067172659573,2.2623371328103405,214107.0
764,149.45642061243984,1.8540434768259404,872778.0
765,149.54421070060275,2.231239887782257,1145260.0
766,149.56717247865635,2.4755423215437107,1019997.0
767,150.41732218449704,1.8743781417160312,1471595.0
768,150.22642181335388,1.528308248171479,675296.0
769,150.54500174882057,1.6380594718108743,346672.0
770,150.67532618413227,2.7677078985798054,539429.0
771,150.47478799390737,2.7687600393127836,327828.0
772,149.463760460591,2.650056898701944,840688.0
773,149.91429533029319,2.103335641761273,896079.0
774,150.84155063361746,2.226441315400969,1006016.0
775,150.2498981098481,2.725215799979752,1078678.0
776,150.50022795534827,2.653012915818877,1287008.0
777,149.57674268855746,1.7981708600654787,946544.0
778,149.5384884504439,2.1277012664157207,967340.0
779,149.81926188694092,1.816624031104097,1050072.0
780,150.30769447980907,1.732403740507696,1471950.0
781,150.196978193964,2.026738689531505,966980.0
782,150.37104718933935,2.732670713329701,212600.0
783,150.11523548105797,1.7005916865386659,828829.0
784,150.1602931279958,2.4777548186418263,1161366.0
785,150.59305213388825,2.336399122745818,278336.0
786,150.11271418870362,2.015895141016368,1293384.0
787,149.6943467160746,1.5891435294881333,1227589.0
788,149.93310100828853,2.155797660129759,872778.0
789,149.65878962174213,2.706709186383118,147322.0
790,150.69591750250345,1.7684492210097735,1413204.0
791,150.20102861375042,2.887912236241723,837265.0
792,150.53464371076294,1.8489256936338148,872778.0
793,150.0684123617157,2.534210040438788,1287520.0
794,150.72680251534356,2.4757388416630066,1050012.0
795,150.1352421030331,2.614673800686413,1091324.0
796,150.7617927637978,2.6680247055417095,569428.0
797,149.60452060510232,2.201125883180402,371577.0
798,150.76504105352453,1.6264841807844925,639633.0
799,149.96317242463738,1.954602205270155,864218.0
800,150.15296398981903,2.758028466117098,590495.0
801,149.64795540206566,2.5720568848293253,1070953.0
802,150.19678907761536,2.3390498716973718,226545.0
803,149.7468903223614,1.8077826971180957,1129093.0
804,150.78433016035308,2.4385859596475825,872778.0
805,149.6074226499587,2.140651291725038,1015185.0
806,150.3473550609815,2.336624139318655,1078678.0
807,149.82048909120638,2.684272311830826,1040247.0
808,149.77445294738988,2.7516009161894814,1046669.0
809,150.64602337513605,2.130911316777298,1427620.0
810,150.38940607023792,2.3851864775083746,1262066.0
811,150.01914647055966,2.8266974776550557,1085666.0
812,149.63978881382425,2.321369976522373,1262689.0
813,149.7089284865402,1.8509127146415927,872778.0
814,150.47466011985702,1.8041283603583822,872778.0
815,150.22534381999438,1.9407047280749663,1025620.0
816,150.2563971542718,2.664845954755741,687195.0
817,149.8903221275707,1.7313867145316866,872778.0
818,150.6972660887493,2.660145838279719,957856.0
819,149.44843963104302,2.3858963115159466,872778.0
820,149.63451356443792,2.431604860576714,293030.0
821,150.6813340908075,2.693770959200447,895314.0
822,150.71000241399514,2.151099700698558,1312244.0
823,149.61589363331257,2.234326939738034,674286.0
824,150.1990744738204,2.0498387003036407,670677.0
825,149.91661094036039,1.9101541526806955,400434.0
826,150.75549555869006,2.2179790591720607,750991.0
827,150.64733324118285,2.8008701013007133,1345246.0
828,149.9539680017191,2.194335416301939,872778.0
829,150.67203963471826,1.8655763672228853,1281017.0
830,149.59679523401905,1.528267787748051,872778.0
831,149.91389193879672,2.1738282015352484,1256966.0
832,150.23479986996367,2.398305237113342,1401213.0
833,150.7995490748879,2.8045323663156676,479460.0
834,150.60969683411423,1.5942246540782625,407246.0
835,150.78942168511742,2.1352043931501568,906396.0
836,149.9232221735461,2.6791688090636274,1350537.0
837,150.12473667512475,2.6233293654136878,959492.0
838,149.45644506131384,1.7211527732461822,1169955.0
839,150.09706237591158,2.606144580248179,1398972.0
840,149.92889871853956,2.6786351629902976,1334323.0
841,149.57955961073498,2.1653997817128934,872778.0
842,149.79138573863466,2.3918269531153453,327828.0
843,150.57092871048738,2.5466383166376105,273742.0
844,150.53636478680883,2.402443648549215,1118717.0
845,150.08264167042935,2.868661260761934,861167.0
846,150.56113753955017,2.11525134160316,926780.0
847,150.77505860094172,1.6427281875546,1018746.0
848,149.62943806381745,2.364203343693534,1256041.0
849,150.4659039988722,2.1257322371054883,1190799.0
850,149.71343775676416,2.270130063719442,404667.0
851,149.89999129702602,2.633728473511599,569850.0
852,149.97817042069408,1.8243284547829244,242876.0
853,150.23789334276822,2.911891193799585,1230897.0
854,150.6749570234054,1.6458563810311824,307137.0
855,149.8357889125237,2.3491816362215463,1122368.0
856,150.1115915215789,2.909153446430489,483113.0
857,150.43797253180034,1.5495721976576564,1285472.0
858,150.73184347753818,2.464797376245125,745354.0
859,149.48150598091604,1.7270044826395765,1230715.0
860,149.63510456069417,2.3648429257157675,872778.0
861,149.98543953146074,2.913797138985637,1482966.0
862,150.0576341181981,1.563934374475592,178423.0
863,150.29335910916623,1.7495470894355953,996276.0
864,149.49790633655078,2.3058811112586928,188040.0
865,150.72329825538608,1.8317450685279228,872778.0
866,150.48757837789037,2.564618531928357,155737.0
867,149.86214780278578,1.988341952785261,334895.0
868,149.48682138261657,1.6021228216329513,150963.0
869,150.66641611272152,1.6927263743560195,986130.0
870,150.6192260081408,2.724245158042965,1461032.0
871,150.68416151465323,2.152536158488876,746482.0
872,150.73167762209306,2.058730641502283,215740.0
873,149.71612439658617,2.5617347266362103,861167.0
874,150.58660086364122,2.1758322369868797,220952.0
875,149.85500672486702,2.339002257970617,1461032.0
876,150.0399901869209,1.9425820067403032,946950.0
877,150.71881764560385,2.1447299617370086,552644.0
878,150.83415292893648,1.9755805078307784,668475.0
879,150.73518490769084,2.879076338504997,1192745.0
880,150.31218573059937,1.98023145381536,1192748.0
881,149.78701762428454,2.6261419197389735,1527385.0
882,149.6153274094357,2.721981102305733,696025.0
883,150.1833996464055,1.8300234509350424,1518427.0
884,149.68050343232966,2.800520445525515,1345784.0
885,150.52302360583315,2.5274025383634644,350077.0
886,150.2282938356067,2.705934017329522,1201847.0
887,150.12438522748084,2.816651974672644,1152024.0
888,150.10053117425625,2.1627826438872604,202096.0
889,149.79085099526583,2.4211267838651627,373615.0
890,149.46968389715298,1.9397785524985256,1350621.0
891,150.17197871156196,1.872349635558409,124861.0
892,150.4132414845273,2.826485044669333,1337602.0
893,149.6160907013733,2.0734221827148973,638701.0
894,150.41896941609645,2.740769662041824,905429.0
895,149.46296313311413,2.8497001129359614,1175720.0
896,150.18130779469192,1.6242508133465103,1503404.0
897,150.19183106832838,2.7840493620088766,126771.0
898,150.57581578838594,1.758438766824278,685086.0
899,150.08560286845784,1.8238644997923175,835729.0
900,149.73609374341595,1.8673508925369453,1338446.0
901,150.7846335671149,2.846969312847433,872778.0
902,150.00070058842653,1.598172617113439,287071.0
903,149.65430003940216,2.473782254559692,872778.0
904,149.4972863528758,2.500469861646136,1108371.0
905,150.62868762914442,1.8458089708202183,525519.0
906,150.01001052574534,2.9051396920413284,872778.0
907,150.67923058049945,1.7865580586963625,1379286.0
908,150.50508637283937,1.5904561284682979,520034.0
909,149.69499964174852,2.226994847357968,1553536.0
910,149.54952271873125,1.7124066765508106,1580018.0
911,149.79460236849462,2.1241522178140473,1064828.0
912,149.8684579212459,1.5151352931727449,737456.0
913,150.72042601251349,2.023433765606887,480931.0
914,150.3863846199447,2.933881822423439,812213.0
915,150.8400428720616,2.538015956025028,1173112.0
916,150.82300855950612,2.40333983978391,173655.0
917,150.0901585755167,1.8374245136595326,768660.0
918,150.80611601877945,1.8729650568208835,395556.0
919,149.89622920985207,2.2840630783819273,598059.0
920,149.457637051008,2.0613919752568903,1068281.0
921,150.11091386349167,2.0351301200758636,342502.0
922,150.44911738369666,1.603087943226961,609869.0
923,149.81443336504725,1.8109050083404703,124861.0
924,149.45320325566237,1.5858253160173263,1393643.0
925,149.87471881720856,2.4853166779406304,198179.0
926,149.7079496626902,2.117381315818511,480626.0
927,150.1333500613314,2.872195207991128,1414524.0
928,150.0865579944344,1.8351236666280006,872778.0
929,150.84469081839543,1.5582940956431541,872778.0
930,150.2114566678628,1.894342984266924,183334.0
931,150.30160437127958,2.205238129664948,504559.0
932,149.98898100278308,2.629776304401351,700243.0
933,150.03664085451496,1.570131414013747,1074965.0
934,149.72679045547463,2.9261459038134716,715824.0
935,150.33228462278078,2.838713595170347,307933.0
936,150.57628324654422,2.0056532420063644,872778.0
937,150.75566310103807,2.545544129899152,542689.0
938,150.83968726709034,2.762218038357906,1354145.0
939,150.77484111997055,1.9022995579759996,651197.0
940,149.77838425342847,1.6978420815893447,1485009.0
941,150.76542331452373,1.9048414086994137,413341.0
942,150.45455236972916,2.796895086823379,1105010.0
943,149.68457661448744,1.813396347143498,612846.0
944,150.1331755820705,2.623907741838,806708.0
945,150.5697190467458,2.4084851826735933,747388.0
946,150.01011537149517,1.7206943998826758,872778.0
947,150.64855081934402,2.2926278133459346,1107782.0
948,150.57328993563283,1.9000394616752936,872778.0
949,150.36085558169333,2.1981954101479424,899976.0
950,149.4870826707696,2.3877564497598582,1487361.0
951,150.70773211441326,2.211050399608324,1557238.0
952,150.53722699943128,1.5877876283515047,659182.0
953,149.8720839897285,2.479107660768836,1523158.0
954,150.2542740636531,2.0469582515115037,578800.0
955,150.1732494186004,1.986374054870725,1200093.0
956,149.73172557994053,2.274217724983374,384779.0
957,150.24662701904725,1.5508831622829204,1353474.0
958,149.60058118847775,2.0155636871949767,898200.0
959,150.41126730661102,2.778230061555237,288781.0
960,150.67253800920892,1.9585296847210614,967871.0
961,150.41164869698244,1.7144159129651069,156310.0
962,149.69530355581603,1.5355406255211193,944261.0
963,150.71888758554132,1.8878632540883469,1024398.0
964,150.0763049513539,2.8586206141361634,208321.0
965,149.52043611633312,2.700749806058072,1515980.0
966,150.5351265170531,2.632096908426532,1281200.0
967,150.36379704639646,1.9356861184813332,297743.0
968,150.4754643406442,2.20700264158372,379901.0
969,150.62973530454548,2.0475984220084813,1169632.0
970,150.59056852122123,2.535018175756133,540701.0
971,150.07834044471122,2.3931144297952396,660257.0
972,150.54958657563398,1.9945600895343798,1420414.0
973,150.03872045145434,2.568252297241907,144760.0
974,150.50903985630555,1.9054814709763117,1343850.0
975,150.43133988899783,2.427321083099632,916480.0
976,149.55318873895675,2.3871541534767675,308678.0
977,149.74939118685612,2.7114051093963316,901742.0
978,149.4626766537499,2.551507325562171,872778.0
979,150.5058715585024,2.482740326301185,969210.0
980,150.45725944805838,2.604473142090754,804580.0
981,150.10155221454764,1.556002235105445,1057407.0
982,150.4687552496067,1.667293861260699,450142.0
983,149.89919353118643,1.7043641938859284,1160988.0
984,150.2881354517058,2.4314061399818137,802941.0
985,150.4279257850781,2.146897119333416,794326.0
986,149.59433631551502,2.4552283023505,1007656.0
987,150.39628025708876,1.9127086198805776,1167296.0
988,149.7752424862254,2.700403062463206,178280.0
989,150.6438133207201,2.513688672117948,1281751.0
990,149.80365272314066,2.1265973237707816,730798.0
991,150.73136701616977,1.5796611509117053,678292.0
992,149.49727857738608,2.880349371810298,1429762.0
993,150.7659704741829,1.552043096807674,1299395.0
994,150.23993984535392,1.7530071938714389,1125016.0
995,149.77109781702555,1.7625124679767683,295201.0
996,150.02169308497906,2.4459470923590567,167992.0
997,150.51506633626747,1.9235417152178673,872778.0
998,149.5092056019626,1.7658998562333958,695868.0
999,149.46176021966014,2.668207560129615,1226136.0
1000,149.79387922243325,1.8821013722873066,1208133.0
1001,149.58347592540153,1.621791400242951,982360.0
1002,150.7209817040239,2.7714054703880118,1158122.0
1003,149.70512704281927,2.227904075782771,902399.0
1004,150.2278101054844,2.1969874184588467,215740.0
1005,150.46710649131998,1.8544066293905472,1172083.0
1006,150.03183571560967,1.524969817169806,792252.0
1007,149.8953171485515,2.0319320464078787,1494105.0
1008,150.63092827863372,1.66931106028095,1275738.0
1009,150.40841507704005,1.974146450983117,872778.0
1010,150.1525992271522,2.079898689892843,872778.0
1011,150.82540384485637,2.5860680618220684,1185576.0
1012,150.65383888253493,1.7954874948586896,872778.0
1013,150.02161642733842,2.303909534305127,616865.0
1014,150.2857655244933,1.7661137837080425,1518520.0
1015,150.38179128228984,2.0686429277563008,402946.0
1016,150.03283725661322,2.309949085315563,306599.0
1017,149.71684052761324,1.6511116278591147,173655.0
1018,149.6955992631534,2.9087017139904754,1204889.0
1019,150.55029563155742,1.7007090695781195,1153936.0
1020,150.24061081938646,2.427230919608007,872778.0
1021,149.96730546849025,1.797970679758212,314519.0
1022,150.4307099767736,2.3034059550276655,346395.0
1023,150.6450866947204,2.545733471700034,1518427.0
1024,149.5103103772621,2.0510729312105607,872778.0
1025,149.72448776013582,2.0595168271630864,1393467.0
1026,150.5451854667585,2.3176557431013007,1398322.0
1027,149.58766922583746,1.6524683898266481,1198529.0
1028,149.99618344287367,2.7659611143444347,480688.0
1029,150.80445477580872,1.764413240212586,1423193.0
1030,150.318951938541,1.909352792634926,782099.0
1031,150.84606622986223,1.972787728806477,1522828.0
1032,150.60200824677838,2.2247252741847463,1378986.0
1033,149.51147747628653,2.359765613863194,1446807.0
1034,149.5885853892717,2.571672330624249,518141.0
1035,149.85717910839804,2.1033484378739455,726162.0
1036,149.45396697362955,2.3429778689856433,1138358.0
1037,150.1830643043786,2.4996097851407546,735657.0
1038,150.31442703192522,1.8968126167876838,872778.0
1039,150.15070855794076,1.804377321691731,1088927.0
1040,150.51514472103128,2.670549196459449,782099.0
1041,150.06038679295708,2.0568149876828867,878110.0
1042,150.14440868129245,1.9453242247366607,1141653.0
1043,150.28070251399984,2.5470752578117115,404460.0
1044,150.54688037624265,2.4137853187838267,271107.0
1045,149.69283453082278,2.461931085962652,175826.0
1046,150.6901456297272,2.2918734199246287,1175565.0
1047,150.70859614043948,2.0752522763501773,1073984.0
1048,149.51008894509812,1.8999452124946519,812213.0
1049,149.46700044195083,1.5134035111082575,492077.0
1050,149.81142107148722,2.746939482099092,204289.0
1051,149.64566305193466,1.7518856845912496,1110255.0
1052,149.88738475242465,2.0407205496291434,659182.0
1053,150.7404428996204,1.751602217290779,1213714.0
1054,150.5665916667978,2.465360026626815,544807.0
1055,150.33950259130054,2.8211128888433095,1276396.0
1056,150.2525479596097,1.778088192270991,585715.0
1057,150.19269653193612,2.1488496669277306,861167.0
1058,150.5779708669212,2.537111887551543,1379400.0
1059,149.73521219697272,2.443886288202396,1068590.0
1060,150.00602653246727,1.8406055566427135,920449.0
1061,150.5203896771695,2.626943410625728,1160895.0
1062,149.43184188099053,2.0188626724072867,214107.0
1063,149.9620181972772,2.5573541200802836,461161.0
1064,150.07765089507456,1.6838402897853681,1457137.0
1065,149.62312937854054,1.8565179186529248,166994.0
1066,150.05061397945585,1.680024180925363,395347.0
1067,150.33418264541737,1.8461485154497874,807239.0
1068,150.61103714879565,2.413347600131056,621493.0
1069,149.53436370063983,2.1777068228137777,792252.0
1070,150.03951002809032,2.4344830591165034,895767.0
1071,150.29724097430002,2.821340353844863,273761.0
1072,149.8591052674681,2.552771461887467,1325980.0
1073,150.11055975270318,1.8683200855400832,421330.0
1074,150.59046185676598,2.7828557879192672,872778.0
1075,149.58947851589053,2.398083788111523,948825.0
1076,149.4679370328296,2.9040088116127825,1558776.0
1077,150.14926873077678,2.246405439249796,662539.0
1078,149.8801762142566,2.732878374252248,208301.0
1079,150.51796818856585,2.2556720716352174,872778.0
1080,150.3609685690782,2.5699146134253095,597707.0
1081,150.56879613795147,1.6078348956135387,740888.0
1082,149.7521645506108,2.7651632084156335,1553529.0
1083,149.44142978599277,2.146220050241545,872778.0
1084,150.57282131978585,1.8920239285826317,351302.0
1085,149.72728326146634,2.88367122409525,268217.0
1086,150.39952718472384,2.6578172629393464,1276396.0
1087,150.64911161430976,2.8474099201267054,220952.0
1088,150.05034792740398,2.9306193853377995,925444.0
1089,150.0079893515371,1.6695249449654024,621577.0
1090,150.7832833730606,2.3528902795985456,771297.0
1091,150.0663762248752,1.7595395872220227,1206630.0
1092,150.22561078151486,2.438907417610678,1368888.0
1093,150.786133016259,2.1067934618527584,967871.0
1094,150.39647652223763,1.637994294210695,1402082.0
1095,149.64116678576767,2.885235053490878,1561205.0
1096,150.51449871313164,2.106333733290545,1185741.0
1097,150.20059105311543,1.636233315328115,297927.0
1098,149.57767120044616,1.93351644184186,238451.0
1099,150.49842918813098,2.276514481945123,1388743.0
1100,149.76015174792815,1.6543688280258733,702293.0
1101,149.91402803831767,2.2003629766271016,1127095.0
1102,149.87229531558043,2.8669160075086046,1251667.0
1103,149.9637687951975,2.112009682980914,1348892.0
1104,149.4686861143325,2.7517467188572446,1326846.0
1105,150.04284449560527,1.8382117050816085,802857.0
1106,150.11176247900323,1.546205500579009,528468.0
1107,150.19865451140237,2.223091164044099,679417.0
1108,149.4698293375855,1.9315098021152144,660186.0
1109,149.43924063860206,2.2914596467726986,623717.0
1110,149.88249201812548,1.8719861037589065,1358880.0
1111,150.71202521756993,2.5017364258747095,1551757.0
1112,149.500316645988,2.521509392078211,1080551.0
1113,150.02889173849942,2.366097559236686,872778.0
1114,149.62871956249455,1.5757856296023847,1177396.0
1115,149.75160332096362,2.5085910732343324,872778.0
1116,150.3996159532041,2.7099752643300477,404460.0
1117,150.44733698702083,1.5495794184114222,810152.0
1118,150.79853992922438,2.782162538161044,872778.0
1119,150.30796203438578,1.5693775192716481,695809.0
1120,149.88002954326882,2.4230073726749106,989654.0
1121,150.49751263599836,2.0040751871185325,364847.0
1122,150.05185383671378,1.7988331828877475,386113.0
1123,150.56527167127064,1.6884888714454795,1378866.0
1124,150.62722853052426,2.6217673368626686,1411957.0
1125,150.08098421071577,2.0817537522935607,1164159.0
1126,150.73477513493475,1.901623012771208,429829.0
1127,150.2780439413625,2.3747674157102496,127059.0
1128,150.57371035540672,1.762501104314849,1094273.0
1129,150.2384618068208,2.399784000242989,689972.0
1130,149.93935153509779,2.198345477543209,489838.0
1131,149.5812326750719,2.0756580223828016,1199047.0
1132,149.65754611373242,1.6457675791053064,1121597.0
1133,149.96457328369348,1.637582461557877,1201099.0
1134,149.79852233026776,2.1864531877203843,872778.0
1135,149.78412404358076,1.6419049531289163,872778.0
1136,149.66651950833923,1.5940038271828627,1319349.0
1137,150.7168317118393,1.7364396140756584,1232863.0
1138,150.66092295869066,2.2767773855326654,872778.0
1139,149.69460502675113,2.570781601930667,1333245.0
1140,150.0886875840045,1.810767106749072,1306737.0
1141,149.4439401710511,2.8245964130173435,1258544.0
1142,149.48776392314528,1.847518029157868,700254.0
1143,150.2315260681937,1.900787695908588,872778.0
1144,149.85980183434236,1.7148908485402978,658171.0
1145,149.6526104276624,2.574137175681109,1196565.0
1146,150.4190077648333,1.5203270794784043,1313125.0
1147,149.99314122277036,2.560338980403622,1392345.0
1148,149.54329740179142,1.5182418952600547,723336.0
1149,150.8374098843372,2.289751654877315,292450.0
1150,150.76632146184946,1.7127472205247662,872778.0
1151,149.9227235623155,2.9177912776429746,738311.0
1152,150.20526555288836,2.1521014727577996,801676.0
1153,149.62677821425478,2.92966624326502,762407.0
1154,149.734177684035,2.675705897194601,263763.0
1155,150.3350306228249,1.696857292927608,1393330.0
1156,149.84332202708202,2.9240627595245625,1177396.0
1157,150.62894906049507,2.3957914099218427,386113.0
1158,150.46273334909512,1.6404244408536388,1172467.0
1159,150.5661804285406,1.8189262507198332,493341.0
1160,150.68052794719267,2.6523145957038006,164320.0
1161,150.27733936836833,2.864218942270547,1184393.0
1162,150.74240323280014,2.1162768186242578,314556.0
1163,149.5799771923215,2.2119903849823688,1363612.0
1164,149.5775486631784,2.3893108054124097,872778.0
1165,149.7996297877869,2.422549533691085,1199047.0
1166,149.60816655808864,1.8046910391788313,1058449.0
1167,150.2519021238736,2.7993502175229885,937841.0
1168,150.11885512684802,1.88783158319533,206366.0
1169,149.58870857416386,2.299182432896211,265252.0
1170,149.6091204160053,2.7525965204589853,950189.0
1171,150.58025014154094,1.7936565069228367,919968.0
1172,149.92226373127565,2.4597391850708465,481607.0
1173,149.59912879664472,1.9803700446906451,1510060.0
1174,150.02241473701713,2.6270280043111933,784599.0
1175,149.75802773633117,1.958847585813116,1335568.0
1176,150.13794083329637,2.600780132281789,647526.0
1177,150.60620401055493,1.7776406035054801,507664.0
1178,150.78443131183795,1.8395953920389987,764013.0
1179,150.53389107592972,2.201258567757881,762464.0
1180,150.4956696823013,2.471761315736221,1227172.0
1181,149.84671932486063,2.7737497749874027,753701.0
1182,150.5180006666163,2.023466057496248,1067830.0
1183,150.08801511003372,2.4399405953788187,1488906.0
1184,149.8256443166026,2.8341506255741606,897436.0
1185,150.5782454639103,1.5299660160634552,1034141.0
1186,150.36204828886616,1.876398568775026,175260.0
1187,149.6787279748177,1.9397699547434506,1350621.0
1188,150.24469779110933,1.7641100090435404,1227872.0
1189,150.18168755337797,1.6401260493568193,826214.0
1190,150.41314783204393,2.4040985707177622,972268.0
1191,149.81352735251156,2.398041931991769,622818.0
1192,149.65159298315103,1.6740998664014215,857857.0
1193,150.35173657214537,2.5320430945375145,931353.0
1194,150.8073345694338,1.7055829401278353,1049571.0
1195,150.763325383527,2.2671027311334186,675699.0
1196,150.24181189841747,2.316825801883168,305771.0
1197,149.57989110135216,2.1128830652701307,511406.0
1198,150.0716335037266,1.807767993068126,1076069.0
1199,149.78164499976035,2.00963129368615,872778.0
1200,150.515096591301,1.819809285614319,1152024.0
1201,149.68685285447924,2.3622526887696607,753230.0
1202,150.02406843782958,2.5098533555535405,607407.0
1203,150.16138616863282,2.0812831338852185,234383.0
1204,150.14707103182465,2.613553072881988,310047.0
1205,149.66908914717956,2.7752322332746857,857837.0
1206,149.47118583651343,2.345376648099197,1204903.0
1207,150.23450303787055,2.2098313814264183,875828.0
1208,149.4722088017907,2.2373273495004886,864406.0
1209,150.64896026492104,2.3516508719218745,1272767.0
1210,150.56586198299456,2.695990046309749,518798.0
1211,149.6517040712308,2.372301579715508,1400035.0
1212,150.44687305002807,2.151265869997477,1343672.0
1213,150.62252804654835,1.5652389106339375,663759.0
1214,149.8591813495105,1.5242038100661208,1225941.0
1215,150.209245522853,2.415412727129914,139137.0
1216,150.5410781794726,1.630799345431448,839981.0
1217,150.70639805590963,1.5726526430528027,126616.0
1218,149.7668074212181,2.0543478411633695,1429954.0
1219,149.72504765106203,1.954253464718488,872778.0
1220,149.57138431742024,2.6931855479506783,657777.0
1221,150.01231389042835,1.94482619196969,1341657.0
1222,149.51694871038396,1.6238942433706893,208815.0
1223,150.12668340896928,2.425198388684969,1566360.0
1224,150.72304218237903,1.783209033121457,1514125.0
1225,150.4582841588391,2.61532582293649,652746.0
1226,149.72500672938816,1.7352913977377815,872778.0
1227,150.42980698557628,1.7671151200347146,1381496.0
1228,150.29865467417588,1.7802584334306322,808843.0
1229,150.0751921353289,1.5719266268495782,1466160.0
1230,150.32734538693305,2.2654576056417803,741350.0
1231,149.6105007307217,2.4383622583361646,421330.0
1232,149.8979121607755,1.9517361507654698,1398275.0
1233,150.8119307862731,2.7843451867258877,395472.0
1234,150.5236230302273,2.234637928295625,872778.0
1235,149.86771754317772,1.5293157201632255,872778.0
1236,150.39043775852065,2.69798476390911,1437796.0
1237,149.70088632166593,2.8835467586328853,1147500.0
1238,149.89071380783588,2.7856804338099606,950314.0
1239,150.77374649006683,2.80277440574517,837912.0
1240,149.45997395054752,1.7577167646428367,725228.0
1241,149.74930935926707,2.5769329495700664,1067113.0
1242,150.0913289946853,2.5404999291234294,1118087.0
1243,150.08114750847335,1.537874779573917,1076069.0
1244,150.5771793826445,1.9341220322011028,606475.0
1245,150.58777886374824,1.5854454255385055,1444879.0
1246,149.7410240151139,2.516941093000117,273789.0
1247,149.449564090453,1.6072278681220062,765795.0
1248,150.14062757350885,2.5888672906230026,505776.0
1249,150.782096888016,2.319130679462891,477198.0
1250,149.98098381524267,1.8941861389492378,572679.0
1251,150.82794536014336,2.424312419235747,1527319.0
1252,150.346217484713,2.5901296077597147,1293384.0
1253,149.57834847482405,2.8996212742430014,737060.0
1254,149.72377021705165,1.638376918541275,639256.0
1255,150.447722735404,2.5254973925151654,970636.0
1256,149.56590404942787,1.8503145822498448,1126433.0
1257,150.04156438190316,2.2238049583495436,621493.0
1258,149.64573966817628,2.3531230562565346,648272.0
1259,150.67009462801633,2.137425100645993,1411094.0
1260,150.20987008240417,1.8063851485159335,1327738.0
1261,149.90013404343694,2.9354492341540777,1230362.0
1262,149.57606052807424,2.070833716416736,1570264.0
1263,150.32714796852642,1.5311087942692894,863159.0
1264,150.43268987612822,2.5411887840765135,425899.0
1265,150.00892419765245,2.287182024702121,832760.0
1266,150.12953981436777,2.83648045832588,1596896.0
1267,150.27272189801053,1.8035372414213784,424260.0
1268,150.50217412944747,2.085415267866172,743888.0
1269,150.07522433274391,2.7188861211189583,749105.0
1270,149.59190156224957,2.5910410734574,673545.0
1271,149.71262239742668,1.545154736067546,872778.0
1272,149.65464513923484,2.4772921498384064,493341.0
1273,150.83097920814222,2.925929860614235,1316698.0
1274,150.1911016393704,2.1794323355129914,1193908.0
1275,150.42859801287034,2.5927496357702076,157776.0
1276,149.6481338175571,2.6476896936367185,460001.0
1277,149.6043573630604,1.8438146020902602,1432065.0
1278,149.48261980311892,2.6575035624868164,979124.0
1279,150.07309491930823,2.416981969532702,213385.0
1280,150.53857686705038,2.0106674636190003,903918.0
1281,149.94746573188803,2.1884331470091505,1107215.0
1282,150.47604810389188,2.8915409314279197,388527.0
1283,149.44726108740477,1.971441054296652,1576341.0
1284,149.9706697131231,2.786045976275304,1016463.0
1285,149.82015624428038,2.763619887882859,684993.0
1286,150.44557670755322,2.431816791529521,258132.0
1287,149.97667147096766,2.0304492116463027,276873.0
1288,149.50441588210745,1.8419237314266983,1113618.0
1289,149.9184920231016,1.880989057712076,648887.0
1290,149.89362137906087,2.5760451432618794,476913.0
1291,149.83078164118396,2.8157949355819754,1335970.0
1292,150.75358160913228,2.6414141918539844,622206.0
1293,149.94013659522884,2.2668962538697612,872778.0
1294,150.73318881311178,2.1044137738165665,1091096.0
1295,149.7916981901032,1.7019517889107434,793094.0
1296,150.7139621677031,2.359461495095043,1190575.0
1297,150.80518023943452,2.381987437753385,284689.0
1298,150.25859551521506,1.6027694816100426,1165775.0
1299,150.27033118939684,2.3480604709053567,872778.0
1300,149.55393050235242,2.8139052514127854,1461449.0
1301,149.47322723287755,2.8976223880082106,872778.0
1302,149.84077163289635,2.8942068365898965,971558.0
1303,150.28852941486824,1.5193702182598388,988383.0
1304,150.68785635475783,1.625349800241551,197141.0
1305,149.83925266382218,1.9603447278494157,248316.0
1306,150.03946122857815,2.3454090409503174,1293768.0
1307,149.9556595215453,2.1983715695665254,833404.0
1308,150.2912758201338,2.4141355943309564,639130.0
1309,149.53572973917485,2.5678418134456025,1251322.0
1310,149.8160715939377,1.5597878845948494,660257.0
1311,149.96822548249503,2.497742200511939,1181170.0
1312,150.53483127828176,2.713059882705504,872778.0
1313,149.64908334893016,2.884558624017578,532365.0
1314,150.74080222981164,1.7406085080683662,1395370.0
1315,150.59398706903517,1.6765953899587471,743498.0
1316,149.7346737691894,2.3709126320502736,955900.0
1317,149.5959893049516,2.4968235810168533,913288.0
1318,149.89805615807515,1.708069817446159,1236353.0
1319,150.14153480682518,2.620209880409451,1122019.0
1320,150.10042650181566,1.735365074308561,1312244.0
1321,150.00417555512772,1.908578973970524,1477413.0
1322,150.01158464357772,2.5184531427945904,1013456.0
1323,150.1414143023793,2.3263074465925024,153932.0
1324,150.01881515823388,1.8242317798852574,840948.0
1325,149.58684721035488,2.1220765983296044,941841.0
1326,150.3618506172413,2.137142852536341,1169632.0
1327,150.13481120606113,2.849781848971751,1210448.0
1328,150.21262277429585,2.8443521271812737,371072.0
1329,150.05898597809494,1.7501476283831652,1146721.0
1330,150.67437931806452,1.8390042592485272,308678.0
1331,150.47327628762062,1.5140835395353482,557757.0
1332,149.9962898251947,1.5835845529496713,542034.0
1333,149.50356073789325,1.5711275533751887,1422086.0
1334,150.39924169844429,1.7860390056782394,1117292.0
1335,150.60728748715846,2.3684886333021833,178423.0
1336,150.70677299583565,2.912664817540278,1117143.0
1337,150.6978744709081,2.6789257023653006,1293768.0
1338,149.50239102242995,2.518948245317838,680209.0
1339,150.49312846307834,1.9358400069273225,533557.0
1340,149.72111325504775,1.7995463871809092,1091324.0
1341,150.3273159727333,1.653477420779781,1227589.0
1342,150.56008935256327,1.7485354056393616,1069828.0
1343,150.1313333189564,1.7080942086755626,1527346.0
1344,149.62557625559577,2.7224552841656298,614449.0
1345,150.69658777629442,2.4446283468850267,1463392.0
1346,150.67241126275246,2.1859600453166625,691087.0
1347,150.71377363374455,2.5788757911193914,514120.0
1348,150.4020035906873,2.0534936050715196,1075684.0
1349,150.6734838651767,2.236095331843594,1158827.0
1350,150.31180842018773,2.042195352452685,613117.0
1351,149.60402992523058,2.819098419555455,1296889.0
1352,150.6369939190737,1.552756424739934,296465.0
1353,149.4971555460724,2.308664233258562,1258671.0
1354,150.38176950902266,2.824605360158649,178280.0
1355,149.78410470283723,2.3292650969057984,837265.0
1356,150.0552775767146,2.732702751073801,579213.0
1357,149.50757649055183,1.5602783720539566,551011.0
1358,149.73011828068863,2.5767764428766347,631429.0
1359,150.53604322845982,1.5972314528344427,1335970.0
1360,150.02116891981922,1.5509335730557774,1091096.0
1361,150.8317024630401,1.5166405215646717,872778.0
1362,150.0705048369114,2.276475145260806,741087.0
1363,150.8069174563247,2.1425979869497844,1141719.0
1364,150.1459921393758,1.7224203091865389,784074.0
1365,149.8584816682617,1.9123971364736811,627737.0
1366,150.84587837027777,1.5600414498982043,676553.0
1367,150.7472676768912,2.8948021842755325,1120762.0
1368,149.6326514099845,1.635077587070915,1163974.0
1369,149.99105535660087,1.5211192275764889,872778.0
1370,150.5493699704855,2.349499489092733,478823.0
1371,150.43770792300742,1.782180656555874,749952.0
1372,149.9333055000652,2.700827214509833,872778.0
1373,149.4561154325202,2.3940855372045275,1377131.0
1374,150.78811183037735,2.3383512599707275,1441100.0
1375,149.8618294360415,1.7915665533082268,1065214.0
1376,150.82763094321854,2.6630693322417347,295078.0
1377,150.03378729117733,1.5850148891693419,273761.0
1378,149.78561842753288,2.5274978232453247,1147952.0
1379,150.37821680367836,2.809881953457378,394609.0
1380,149.5050462094061,2.317675344794908,346395.0
1381,150.11697512785364,2.3187147090919904,884101.0
1382,149.66583753660618,2.2224375482739145,378636.0
1383,150.27936748705721,2.0170214079709883,423330.0
1384,150.26314014839127,2.4301670656638414,1529103.0
1385,149.71777734406058,1.7794393649623503,135202.0
1386,149.57224828526674,1.5218427513964297,872778.0
1387,149.83836038844782,1.5607084038248955,525519.0
1388,149.48219531104954,2.1367126340649953,1435385.0
1389,149.47913942212816,2.3568899228373974,1257627.0
1390,149.95821490614452,2.088920665754162,593250.0
1391,150.12011996139563,1.5441660868614528,899976.0
1392,150.53619460366016,1.7076312842413244,1351511.0
1393,150.8453466578383,2.5185938125854093,346672.0
1394,150.39813011066764,2.5783228540017857,529846.0
1395,150.19720554416318,2.1742799104735755,191338.0
1396,150.72654176204944,1.5207582184460802,930423.0
1397,150.67006294858092,2.657656613344698,400783.0
1398,150.80032685762748,2.689973042382954,1235163.0
1399,150.41119702603294,1.571125184024065,1495756.0
1400,149.6346951990597,2.529947380111417,552128.0
1401,150.7621521594089,1.5827994350675931,270247.0
1402,150.4161682351719,2.209111554985041,1181170.0
1403,150.80836670896426,1.7497381845378377,127924.0
1404,149.66001273941103,2.905294051284879,872778.0
1405,149.76558666131442,2.3914787006133436,1036708.0
1406,150.7250132857927,2.1526611133442577,881587.0
1407,150.05930204463016,2.819179023274277,507821.0
1408,149.97521134973536,2.6790992060955574,820114.0
1409,150.01765610657998,1.658087547334435,494973.0
1410,149.51369683866844,2.4315383601210887,1307131.0
1411,150.45057015886414,2.7521782589153565,364367.0
1412,150.06413951662,2.5575937136079343,1126730.0
1413,150.09350911851755,1.5294339104239334,1129791.0
1414,150.04045832098842,2.67493530154204,1360015.0
1415,150.10269321726915,2.449508866955277,415046.0
1416,150.60473512833627,1.838553349929192,1313125.0
1417,150.04272130422393,1.6890770856322366,874092.0
1418,150.72332057587724,1.6427922813728388,872778.0
1419,150.2818773433986,2.2234727703598853,1272767.0
1420,150.61218424422782,2.5973753032527,1181425.0
1421,150.20446424268007,1.531294640407288,1457028.0
1422,150.42282962292373,2.5768507453973264,350320.0
1423,150.3992935334971,2.796322166701178,1253266.0
1424,150.71854800715172,1.6075599609100235,872778.0
1425,149.70939469683293,2.9313085451586973,255308.0
1426,149.83887140065121,2.0689317565404903,641312.0
1427,149.96798404711205,2.403244239749481,1071005.0
1428,150.19128274300013,2.795078245129769,929344.0
1429,150.3022465691364,2.42182522215656,258132.0
1430,150.39877677004296,2.03410339862166,1015766.0
1431,150.00989430942974,1.953441394441435,959061.0
1432,150.01759144843868,2.891354324139506,114344.0
1433,149.67237126775865,2.378237976399116,1258544.0
1434,150.5738229928026,1.816605707281644,1153936.0
1435,150.35758820795792,2.781466469993836,1530434.0
1436,150.08189442910896,2.5494143080779064,1088487.0
1437,150.73141660566532,2.1963723562263837,1318054.0
1438,149.96688927607738,2.4200987716393225,1477477.0
1439,149.51477640875652,2.7277655615897096,1190938.0
1440,150.22717955214608,2.8288910938020915,514120.0
1441,149.80474747572887,1.8856413410165738,1045066.0
1442,149.71338608939107,1.7944143837152493,260538.0
1443,150.4533362720479,1.7158630611268693,864889.0
1444,150.00779077281138,1.7042299117647262,631429.0
1445,150.65415555435405,1.8250110341768164,1204903.0
1446,150.05289209387035,2.6743923965973493,1220977.0
1447,150.70460673230687,2.520668129890936,866501.0
1448,149.65175043797308,2.2062228754300257,872778.0
1449,149.70698460321645,2.7889496868135497,772488.0
1450,150.67643964573128,2.6696181749745973,524521.0
1451,149.99168058113943,2.835448551308887,1306208.0
1452,150.58733599353414,2.4476142238039804,702326.0
1453,149.80937261547237,1.811447710425658,1348029.0
1454,149.63644982205716,1.8489825247597784,1336374.0
1455,150.4738453844885,2.811225557535147,1429693.0
1456,150.48520871335126,2.119092441119,1213628.0
1457,149.87045932803667,1.6866136005706527,1096066.0
1458,150.49557167848718,1.7734820810937184,781934.0
1459,149.76154926922197,1.5588501250163576,517356.0
1460,150.6811559804134,1.9745915070820301,872778.0
1461,149.46847686351308,2.406335444958382,1235364.0
1462,150.4330764547215,2.5982755175592915,1473084.0
1463,150.27007007840663,1.9606990593325604,232653.0
1464,150.60454694342351,2.8187669651301253,1067830.0
1465,150.0813526956034,2.06175721848348,1590822.0
1466,150.07121560374335,2.6232398825375713,1045696.0
1467,150.42586858464816,1.6356116117688195,400434.0
1468,150.2306861941386,1.5879404352480284,336896.0
1469,149.9833355209949,2.5919436507846854,968876.0
1470,150.06266984271613,2.7432029791781387,1333245.0
1471,149.97841974473968,1.9861755227125806,1288427.0
1472,150.37656016989058,2.413855851712281,201721.0
1473,150.01268073151948,2.6492667799944876,436206.0
1474,149.75544354608323,1.5978238852907598,1051799.0
1475,149.6323856710613,1.7462077465592623,804580.0
1476,150.60149236181812,2.454967246569806,872778.0
1477,149.51536129853562,2.03371464323592,848701.0
1478,150.26702141216933,2.31270345399737,872778.0
1479,149.84267920245057,1.9925906508785218,448253.0
1480,149.7973601250584,2.433886936092986,616865.0
1481,149.95388980228816,1.516851816087325,563938.0
1482,150.5248062854084,2.662643473264148,1468058.0
1483,149.56767313281608,2.2856721190190843,843646.0
1484,150.09147497419468,1.9992225338607983,1286102.0
1485,150.30715262413167,1.9399471599241336,1379400.0
1486,150.79152503912192,1.955280361769648,872778.0
1487,150.47369429397364,1.676832377521683,1306737.0
1488,150.4945891650278,1.547224084507061,706423.0
1489,150.03756281049544,2.2584047824054347,1432563.0
1490,149.6968845606552,1.7667800605612223,1169901.0
1491,150.71314059065764,2.2177195287553193,448253.0
1492,150.19481902128186,2.8442020766992817,279421.0
1493,149.52352956858462,2.361201292771647,371484.0
1494,149.7276165487343,2.185484968115344,807239.0
1495,150.42848106662387,2.208737073186046,1553536.0
1496,150.20191686928786,2.466300446774065,1046073.0
1497,150.12741929111607,2.0900710100972666,718055.0
1498,150.230950155983,1.659218261027609,872778.0
1499,149.57787819047252,2.3004603181734993,276873.0
1500,149.47522133279597,1.864033455927965,1437796.0
1501,150.20134475961947,2.2848688997311757,618434.0
1502,150.5433885385061,2.105696115711025,872778.0
1503,150.51111423908185,2.1380597739706038,1296614.0
1504,150.68352127589503,2.509150644166124,1051434.0
1505,150.8472665844164,2.1665681189562793,274967.0
1506,150.54237218090788,1.869817486944625,480308.0
1507,149.50001778899517,1.8058286924240883,982783.0
1508,150.421405987792,2.33899878171467,1525519.0
1509,150.1903898717918,2.1107937281743707,272046.0
1510,150.61116516153803,2.2841844119824453,1334231.0
1511,149.60993484616336,2.226887822678859,872778.0
1512,149.53345246890973,1.6212330220124402,1316698.0
1513,149.97430895327338,2.5764498468743673,553180.0
1514,150.1423949440846,2.5081763570635007,351009.0
1515,150.63221706246327,1.8590435177268947,580796.0
1516,150.02649907062516,2.4020102178501537,280785.0
1517,150.7847814159951,2.757819629703264,505571.0
1518,150.78265249048076,2.9350853181115544,1350472.0
1519,150.06991064269508,2.878685338515014,1186914.0
1520,149.62250027651515,2.160486086742525,1019385.0
1521,150.0636017009644,1.8083146674000254,415278.0
1522,150.74594965052162,2.392807175500982,1485644.0
1523,150.7018800543596,2.327372245787968,1112721.0
1524,150.61560657640098,2.1098155570926433,1535038.0
1525,150.1106338210153,1.5891563823324464,657777.0
1526,149.75332460151594,2.833037417029541,1198529.0
1527,150.76773960834132,2.2256127938349315,882443.0
1528,150.26005974890924,2.6638708125096775,872778.0
1529,149.5859293872665,2.590636556484391,1087069.0
1530,150.21664789017214,2.2952153149106955,922286.0
1531,150.7389637118551,1.9435525490583954,575198.0
1532,149.72069884550388,2.5267990603919763,1087749.0
1533,149.84409028957944,2.7244226005870713,871676.0
1534,149.46693790560963,2.5200676035730885,1193154.0
1535,150.08309778682838,2.2146829120626568,963995.0
1536,150.50670515977015,2.6999658651467926,225222.0
1537,150.2948151958268,2.2539270530002398,1353144.0
1538,150.1072028717325,1.6047968925143157,192140.0
1539,150.7185398422399,1.9269115942982409,872778.0
1540,149.67067959699392,1.9473219135874271,1232903.0
1541,150.18559153018518,2.2043166470387994,662539.0
1542,150.32034052674547,2.020287293909094,1335371.0
1543,149.77656717975393,2.3479349275009795,351271.0
1544,150.09930857843733,1.6693391217981697,710800.0
1545,150.5737493131346,2.117243313708287,1148729.0
1546,150.16648255701753,1.731957951077952,196759.0
1547,150.35863074407482,2.2562817106272632,1022721.0
1548,150.35407455416407,2.4634280574555976,676517.0
1549,150.26800019207198,1.7656812591915831,1562070.0
1550,150.51300620933074,1.9507256062488683,618944.0
1551,150.23067168331966,2.3739496873570176,1330233.0
1552,150.179224076402,2.8948134664667524,400434.0
1553,149.47383951419178,1.984086766845392,1558776.0
1554,150.02816065206517,2.7533410089786496,791718.0
1555,150.20942632932366,2.1728269443468173,872778.0
1556,150.1059903062834,1.8539072698276782,539429.0
1557,149.90710404611974,1.9650489465528356,765210.0
1558,150.5435874474024,1.7938628787161126,1225395.0
1559,150.5393163903625,2.5065565295467866,1276396.0
1560,149.8357720413335,2.1732015663083257,1051626.0
1561,150.13863164133411,2.4350512810116185,234383.0
1562,150.45555654468478,1.8916294521686858,753633.0
1563,149.88881893418045,2.9372946055570592,223053.0
1564,150.46728352521933,2.2126977605515856,1345246.0
1565,149.53362370134712,1.5310469697300995,340068.0
1566,150.1454245384943,2.1484407727814903,1395298.0
1567,149.62725684461643,2.379186378802476,663144.0
1568,149.49563825317287,2.0081349248561033,872778.0
1569,149.53040198058542,2.907054447541459,122945.0
1570,149.77734104695625,2.595046480110176,872778.0
1571,149.59945013935283,2.0627211617190295,1514227.0
1572,150.81795188701918,2.5652903505278752,891231.0
1573,150.10009995824583,1.7392829526713882,276968.0
1574,150.54012361802455,2.2419836733699836,1598278.0
1575,149.8157379621318,2.543208830241693,693619.0
1576,149.87887784309407,2.213389523261341,1406807.0
1577,149.45446767110278,2.4277236524892576,186043.0
1578,150.51757896221017,2.6251946873389693,793094.0
1579,149.7986108977845,2.869579241712441,492086.0
1580,150.62771181809453,1.769395615163325,872778.0
1581,149.73757469150578,2.01630864994769,520149.0
1582,150.81044363511927,2.619386660559151,225222.0
1583,150.34055082069352,1.8921420186322742,200650.0
1584,149.8427624180825,2.924390872012025,314036.0
1585,150.07350184961626,2.5937851856911225,1375508.0
1586,150.03417943424367,1.9975953867035754,1362610.0
1587,149.91575359379235,2.071010867287632,659182.0
1588,150.5428050424942,1.7272923026253904,1220960.0
1589,150.30923632507316,2.11788080619487,1220977.0
1590,149.69159445855996,2.464719447870717,548307.0
1591,150.19815273353498,1.8877787454071426,988780.0
1592,150.36451821996994,2.5737722342335543,249303.0
1593,150.44150426754197,1.9302364968913044,558618.0
1594,150.58138145396757,2.2575542113471765,1346059.0
1595,149.84432961261436,2.38476059959834,1532616.0
1596,150.66786450136448,2.269261891101538,1253266.0
1597,149.60504096297768,2.1991628824615486,967340.0
1598,150.45873615511505,1.7757948447027934,780492.0
1599,150.34476210990033,2.854749383983754,639633.0
1600,150.11568150775432,1.9908442937429518,872778.0
1601,150.4104215085147,1.78597943460477,835289.0
1602,149.95057282657507,2.7662453384205,604471.0
1603,150.60652897829164,2.1489591334413483,418727.0
1604,150.42200080673396,2.714322873629277,242343.0
1605,150.30678058085186,1.5520155171615824,904622.0
1606,149.81595098449614,1.8947385347036894,644948.0
1607,149.54007176875734,2.3893787386032836,1113803.0
1608,150.71728021723868,2.1602436286863647,333706.0
1609,150.28359041575118,1.535164896708091,1177653.0
1610,150.68344252491318,2.123009598310418,426634.0
1611,150.56037401723904,1.6419804194463732,208301.0
1612,150.75526669630298,1.6178375967466703,927477.0
1613,150.13947706599066,2.109377752225079,886380.0
1614,150.10154616549127,2.184891584167166,786668.0
1615,149.63972136707048,2.615051674938666,588563.0
1616,150.54306763428104,2.2444765357708762,887598.0
1617,150.6129712043225,1.8519618650968361,456112.0
1618,149.55685011297908,1.6162817147447333,709119.0
1619,149.54239807571264,2.0647770776698446,992323.0
1620,149.59894685316792,1.8863627279640118,1240151.0
1621,150.14545231147986,1.7269258606967204,611118.0
1622,150.65852172648084,1.8471238267196377,1192748.0
1623,150.14630225116457,2.6880116473552462,1022787.0
1624,150.64297514495078,2.2671501279553,753230.0
1625,149.68050990350224,1.8199409880821744,872778.0
1626,149.79200891349973,2.1638414005250604,631638.0
1627,150.46659434601415,2.746721618312013,872778.0
1628,150.45995814178667,2.6626151166674745,1121480.0
1629,150.0133341529614,2.9231691054304347,1129531.0
1630,149.72584428821577,2.3922459815854937,1261531.0
1631,149.49867458272766,2.8096318855395586,467645.0
1632,149.46473132931956,2.0264280704561326,872778.0
1633,149.67688121021132,2.6494850898179516,925681.0
1634,150.82045737291,2.568125977456531,749952.0
1635,150.34940531905315,2.12576006963194,1299235.0
1636,150.6876292088151,2.8150801620590977,1560614.0
1637,150.49271409604174,2.892636561847368,872778.0
1638,150.17253788146263,2.308149656498144,872778.0
1639,149.52815188172198,1.642886850137529,872778.0
1640,150.7425864591405,2.7383368708963296,940867.0
1641,150.3657418706278,2.84130733823216,208544.0
1642,149.4629801785533,2.2606516491824142,1017298.0
1643,150.75618859290347,2.110947595889644,732428.0
1644,149.69446742520987,1.6527186502767013,1018289.0
1645,150.0265573420507,1.5459918259480168,1337361.0
1646,150.18321822627905,1.8757728161304352,1438632.0
1647,150.07914705160542,2.6199591459064586,872778.0
1648,150.24451462058627,1.5324042132091353,1518520.0
1649,150.12411999049576,2.7392022194464207,959977.0
1650,150.81017332329904,1.6329689691139717,1364484.0
1651,149.4442091076347,2.0445894598402394,1147952.0
1652,150.54499646347634,1.9281485085358683,1327738.0
1653,150.4662454370881,1.9861707634858925,987158.0
1654,150.10727226166406,2.2191586642493273,872778.0
1655,150.62852190422868,1.553094687436176,307381.0
1656,149.75515115672184,2.38047928474951,221222.0
1657,150.82046993492304,2.569119770659081,767837.0
1658,149.58667075947213,1.6327630392388952,926842.0
1659,150.01492200288777,2.6138626807103904,1557238.0
1660,149.6055732955138,1.5324415450806905,184840.0
1661,150.7003136501232,2.0317562660455257,601775.0
1662,150.1256002490014,1.7331032990603772,1473480.0
1663,150.02084791493874,2.6159148259069234,841052.0
1664,150.64993078372032,1.8710530064437172,864413.0
1665,149.69652244971127,2.4111621502174496,771297.0
1666,150.79461971031222,2.582892163924935,1185960.0
1667,149.68002405898474,2.73951010450617,1059779.0
1668,150.50129723339637,2.2179942720618784,1098164.0
1669,150.50012975679408,1.7101327999817797,1509542.0
1670,150.79849836817596,2.4931559598286523,872778.0
1671,149.78195871542468,2.3515447267566008,674286.0
1672,150.3790281642581,2.7568360583664093,1277778.0
1673,149.4607419096007,2.7038324008596453,455757.0
1674,150.18782992730434,2.127633715251451,1578729.0
1675,149.94370702536773,2.406490466274058,1344955.0
1676,150.63950765842102,2.807780971351912,1550853.0
1677,150.43041916695216,2.5873014064746718,873638.0
1678,150.83704522317115,1.7024327346740893,1538637.0
1679,149.4511633052637,2.2676936812363966,431507.0
1680,149.6754076680639,2.278459329345514,872778.0
1681,149.86221991648276,2.308131697345594,872778.0
1682,150.33879034404833,2.3532135150902342,505209.0
1683,149.96443513373112,1.693520270455739,511562.0
1684,149.76231532117805,2.4567497404795198,579592.0
1685,149.5788288859507,2.475423001429621,830516.0
1686,150.1148249682827,2.5993955295306224,1209531.0
1687,150.5260036035836,1.829904206235637,1059215.0
1688,150.43549439292676,1.6023370022634653,768660.0
1689,150.38439687047943,1.9290614058564488,1081734.0
1690,150.63250781596489,2.567596814306609,215921.0
1691,149.88251983570586,2.1420338746755445,1384228.0
1692,149.47237475927244,2.2384714249713378,214505.0
1693,150.20774410056714,2.928407745882345,811110.0
1694,149.4433590639219,1.525733968196514,728225.0
1695,150.07063705199567,1.5700696293876857,628422.0
1696,150.31028941281446,2.0704119109211607,781492.0
1697,150.25804287238552,2.2428726532890373,1562027.0
1698,150.08232387410098,2.225314365770121,168569.0
1699,149.65670618802403,1.8354683738418762,1477005.0
1700,150.0651162103745,2.082785750073738,1167659.0
1701,149.4377412382944,2.176645142442978,611118.0
1702,149.7456982273945,2.8293626377676717,160236.0
1703,149.56254058422067,1.7730631736918867,597065.0
1704,149.71459297321925,2.4910617543190803,913844.0
1705,149.64047516879296,2.8189443072994242,1074965.0
1706,150.61418073003225,2.577290267466891,655726.0
1707,150.21945742705068,2.773197888633327,705779.0
1708,150.0805314228187,1.9057916774714843,492086.0
1709,149.97227150072078,2.0663910087144313,192203.0
1710,149.8202714469593,1.7875193983037063,391649.0
1711,150.36870094101704,1.9751690009762488,1058449.0
1712,150.60869115525185,1.8354662023785997,710776.0
1713,150.3476480047411,2.7162303339402465,1120620.0
1714,150.8003376491911,1.6571945429006436,220952.0
1715,150.2297142942317,1.9305095258786478,1011216.0
1716,150.15210868343803,2.8776762599994243,920449.0
1717,149.624047100987,2.1562179639884804,1461449.0
1718,149.7724451581622,2.4309703917981977,1123369.0
1719,150.72530534241625,2.391046911853132,1272767.0
1720,150.16118797617818,2.6974206166130497,1490184.0
1721,149.5261060991269,2.3361605512984025,480573.0
1722,150.26280223958997,1.6404281836395893,1196565.0
1723,149.90055990959914,2.8029803311407657,371168.0
1724,149.7384618595151,2.8828770991721058,1303730.0
1725,150.1790126163316,2.4609341290655067,1412986.0
1726,149.70485944662255,2.8422185531390207,872778.0
1727,150.44926655578365,2.3680765756155795,1184393.0
1728,150.24063859009368,2.74267128969369,1407352.0
1729,150.06003623502275,2.1012803712372037,872778.0
1730,149.51546862371197,2.183337000790769,1256744.0
1731,149.5781018803008,2.529887493254778,1312891.0
1732,150.80413835950853,1.626435928008208,678355.0
1733,150.53385904354818,2.7229332832388233,1239287.0
1734,150.1618007168162,2.139989873733877,871314.0
1735,150.78748934744368,2.170882951683115,1286860.0
1736,149.71164610778658,2.226721962355983,170288.0
1737,150.4828574790867,2.7068336945810954,1184732.0
1738,150.08065464507163,1.9514521593662948,406150.0
1739,150.3471499815916,1.6760589579784926,702293.0
1740,149.81126066808883,1.8513880566252123,1287008.0
1741,150.58958762449075,2.0776202671781854,1164159.0
1742,149.93113928079146,1.8711835449167036,1322047.0
1743,150.7589438228495,2.5739205858139225,926570.0
1744,150.5909531159719,2.3688971440020037,1335568.0
1745,150.24996398368665,1.8013766557329292,560852.0
1746,150.6695058278087,2.8891234589746295,169430.0
1747,150.4756907875369,1.5284850962414005,268813.0
1748,149.65298111021755,2.5559747348633404,1457517.0
1749,149.5010797217869,2.6485369350071517,1287375.0
1750,150.5120801330799,1.7240196716650833,826546.0
1751,150.40688184064197,1.902885476410726,590100.0
1752,149.75911264884462,1.7130352082458022,381978.0
1753,150.50125012329704,2.0896053181539056,200949.0
1754,150.72559389122875,2.521013892901985,872778.0
1755,149.74328765715924,2.534454571648631,215921.0
1756,150.09049262674918,1.6280774640940225,462142.0
1757,150.23462868077706,1.8206218213950938,169586.0
1758,149.6268147377615,1.6814384723688904,516606.0
1759,149.44941381591698,1.933355294880828,942392.0
1760,149.68302838653804,2.382433038274506,643535.0
1761,149.5752685195783,2.32153638654932,872778.0
1762,149.59402112545405,2.5605326751179973,288660.0
1763,150.05886334896735,2.460864092896276,616865.0
1764,149.81969645001553,1.8651279911958287,1017791.0
1765,150.2804597725356,2.200130468027575,872778.0
1766,150.40038600722258,1.700597125111258,614837.0
1767,149.54209618949363,1.7506369085726223,341104.0
1768,150.66601217149906,1.6362783411689898,1213341.0
1769,150.04957377869604,1.6521664070978181,1425002.0
1770,150.67580048027295,1.7787095525726433,756598.0
1771,150.16565162511745,2.69737642452117,964484.0
1772,149.56655705555528,2.457486686836967,133765.0
1773,150.44145927164212,1.7437750508417178,1136008.0
1774,149.72397891322913,2.1592522725530396,309384.0
1775,149.81843502434106,2.404175757794331,931992.0
1776,149.81048354918076,2.7903312513698575,342085.0
1777,150.60565135789193,2.2895106518589463,1325412.0
1778,150.2065450794877,1.8839395723626557,1122368.0
1779,150.77563425181697,1.8140284040498906,421322.0
1780,149.92365689956665,1.9548948484810222,1228376.0
1781,150.103898829825,1.8964932803892227,1365739.0
1782,150.8357933236733,2.0308160878039883,536052.0
1783,149.54541190938372,2.495548851131291,237270.0
1784,150.77726142982814,2.361814042961446,181112.0
1785,149.97797476603566,1.7504605263205215,1396786.0
1786,150.5290753217459,2.283565305040404,1485644.0
1787,149.47669773616647,2.3798268963294684,1504680.0
1788,149.66536345286076,2.661525155480736,1198197.0
1789,150.689307229666,2.69807982860714,1235548.0
1790,150.15410865624298,2.8219550136270657,1414490.0
1791,150.17274940048506,1.567998395118752,400434.0
1792,150.38536692120883,1.7767320952841374,1003955.0
1793,150.6471454516284,2.658930006782278,1133889.0
1794,150.78714742311755,1.5569669708128306,529478.0
1795,149.60766794818005,2.9060775589651886,730798.0
1796,149.54169687791935,1.5287592932698666,660186.0
1797,150.38595925975267,2.898064501260866,1138358.0
1798,149.62160215556418,1.539199889037904,858361.0
1799,150.53579939669768,1.7757644015635783,1519774.0
1800,150.72992083460701,2.2017145920695764,872778.0
1801,150.06560024451264,1.9432832247012093,872778.0
1802,149.68564710934524,1.7740660015608807,123438.0
1803,150.067977909926,2.8109537766819024,543613.0
1804,149.88736069641942,2.32844204644304,238838.0
1805,150.0161088740267,2.066105341956183,147322.0
1806,150.45981147659023,1.9892497294763034,872778.0
1807,150.7967205358745,2.729143571828317,192203.0
1808,149.89849458878632,1.8906060738274801,1488906.0
1809,150.835199941816,2.7425040042930684,650026.0
1810,150.64863416539325,1.7220000362640702,436860.0
1811,150.13009354716294,2.131701459337954,1435385.0
1812,149.66004675436406,1.9416366410618202,613117.0
1813,149.6518869237329,2.4840665820875807,1073984.0
1814,149.49004338472193,2.90145531316609,278542.0
1815,149.57327434759827,2.2477437796245545,204530.0
1816,149.9347203576712,2.4384160852169576,895314.0
1817,149.75091095595855,2.64700575543275,641577.0
1818,150.54077871283556,1.9944106655474332,1199214.0
1819,150.1629987745592,1.9686627271568773,1397086.0
1820,149.87783325096188,1.526137556097325,872778.0
1821,150.30088444899292,2.794370639095003,827416.0
1822,150.72176262967082,1.749717419381451,981853.0
1823,150.8118724396568,2.1791068971534204,346674.0
1824,150.03356446747162,2.8189344510726233,598059.0
1825,149.680900553187,2.632815923521542,1184732.0
1826,150.02214229747986,2.914451524269654,1008698.0
1827,150.40126261027797,2.046389134762762,335706.0
1828,149.96938861004014,1.741590974543545,872778.0
1829,150.38893923473884,2.7089647553639082,418802.0
1830,149.43775783124474,2.3824575226178055,1584200.0
1831,150.51471883707296,1.8352415385954097,651888.0
1832,150.36432422994946,1.934234324106752,1359165.0
1833,150.0957921091997,2.854202266797704,289636.0
1834,150.44220430441254,1.778394932519419,788368.0
1835,149.45982824186845,2.6142386465508363,314036.0
1836,149.63138726513225,2.471243772104282,895314.0
1837,150.76804261459054,2.2613364492601846,1314302.0
1838,150.0024026368504,1.9397863157774886,1344549.0
1839,150.22440270224217,1.923982768248212,741605.0
1840,150.44221721831244,2.787255408056355,1423282.0
1841,149.8853580593693,2.256208206255098,279349.0
1842,149.47436194076587,1.7378114846517239,872778.0
1843,150.31376378762508,1.5360125659878412,941998.0
1844,150.33977225850333,1.6174818500168462,668475.0
1845,150.40993942866837,1.5370907760139834,753809.0
1846,150.77647617377943,1.8032007180242982,606683.0
1847,150.26390297349798,2.020289427827941,872778.0
1848,150.50472791150696,2.073819908386403,192140.0
1849,150.84385876856322,2.0478291690367123,506564.0
1850,150.09617316709316,2.4532387869894148,1259997.0
1851,150.32385824367023,1.6519423045947272,212436.0
1852,150.03761095181918,1.983036537978034,622796.0
1853,150.74406285658645,2.2080434044129893,872778.0
1854,149.70646611746182,1.6935505268795878,1282639.0
1855,150.35834058543347,1.643005296596834,369502.0
1856,149.74846965939966,1.714177296875204,1177396.0
1857,149.4982993419866,2.52864595564777,1531388.0
1858,150.27955401688183,2.1183884580248336,501583.0
1859,150.2654559902276,1.7378643953914084,1457141.0
1860,150.2980293006077,1.5406866882666217,578800.0
1861,150.60981294834346,2.1128726372446,1216862.0
1862,150.73620694683615,2.76462359782123,1577335.0
1863,150.35032231689388,1.951965084103997,1569170.0
1864,150.58551579922022,1.6038255078131554,871162.0
1865,150.5612867673093,1.6348351780149561,911594.0
1866,149.8768855470665,2.724869875552035,516913.0
1867,149.83035901153636,2.6659762348873315,308699.0
1868,149.8858169324378,2.8456021638148874,175260.0
1869,149.73490677015053,2.766748812018519,996768.0
1870,149.82523326322723,2.621870135192466,1074700.0
1871,149.6476819578698,1.759883774930434,1032604.0
1872,150.21609651586516,1.6572026751089277,899507.0
1873,149.97832575817847,1.5806363832287775,1190799.0
1874,149.6466444671975,2.151380334251368,872778.0
1875,149.73558812852738,1.7718490588762164,941841.0
1876,150.39638129279973,2.5599895349879906,268217.0
1877,149.9528589618466,1.6951102594090501,639256.0
1878,150.61081566528412,1.9959671618155908,208070.0
1879,149.47776051130066,2.823306631087113,988295.0
1880,149.5619435453376,2.45726802265508,381978.0
1881,150.65994447929194,2.311175343183072,1337361.0
1882,150.08068323667644,2.0959777381845224,1331840.0
1883,150.03924813834976,2.518597381271011,284689.0
1884,149.7136632738989,1.660623688052915,364847.0
1885,150.27815531921723,1.6000426829085488,768150.0
1886,149.5688569547132,1.6527094245267449,432146.0
1887,150.25712723473669,1.9968949098571716,1109489.0
1888,149.65173627838564,1.714278522437397,872778.0
1889,149.88189827487108,1.820606881969526,872778.0
1890,149.7064024458844,2.5088883643364692,531054.0
1891,150.57000025119936,2.2568983650813577,177525.0
1892,149.68574419699652,1.8505739321335488,590179.0
1893,150.11753258444367,1.858540445135447,1512371.0
1894,150.44876328685257,1.8480544329698758,794326.0
1895,149.58725437376384,2.674533254888516,278336.0
1896,150.10313589652415,1.854219199520794,872778.0
1897,150.4560177037137,1.8544726297650358,578800.0
1898,150.72034102146858,1.8840963763234497,911030.0
1899,149.8836830205352,2.896055565423185,189826.0
1900,150.814213916334,1.8240870381145495,895767.0
1901,150.23792672645823,2.780783379460332,299408.0
1902,149.49027753303486,2.6379093145509134,369621.0
1903,150.06471980205532,2.2813932078076684,1423871.0
1904,150.62466321229874,2.8685470256305092,217998.0
1905,149.6810512445623,2.77318768866611,1264255.0
1906,150.35828521800295,2.4368782125761186,1584200.0
1907,149.82626616407524,2.343041219357578,872778.0
1908,150.5289554902059,1.6991175986065208,408085.0
1909,150.30819962201667,1.930289662975344,1303510.0
1910,150.045441670377,2.421624322647239,439413.0
1911,150.3850451104477,1.6094734274159017,264821.0
1912,149.98729657874537,2.0799443968289,921250.0
1913,149.50535579696015,2.8969545725892276,1565424.0
1914,149.58013937370094,1.9216768925360688,872778.0
1915,149.81422739920714,1.615739557920229,192140.0
1916,150.3375826288861,2.3649950789161025,284689.0
1917,150.5586402628218,2.504150340081577,872778.0
1918,150.13377288338825,1.9849842231409174,641577.0
1919,149.47730014127464,1.5653402066966442,872778.0
1920,150.22212086540753,1.7363459144589923,1149026.0
1921,150.7106382268965,2.217315510419881,1031437.0
1922,150.12909313031497,2.0438935611342894,872778.0
1923,150.17293397560653,2.7036463317134207,1358880.0
1924,149.7971848406187,1.5635426814277114,1003183.0
1925,150.35477214364204,1.5334944492157536,1040726.0
1926,150.3919296195677,2.520029399925151,375695.0
1927,150.61278395496393,2.083029314047856,1225349.0
1928,149.52360364054513,2.1022610395414985,346387.0
1929,150.27612879654237,1.6858470431007233,989426.0
1930,150.3543593506549,1.8699214618715563,1343672.0
1931,150.3381173103158,2.032701221228903,312936.0
1932,150.12693336281987,2.2747681610581774,939808.0
1933,150.2194649589672,2.6842014834488928,1234596.0
1934,150.44215678701622,2.091378460003644,1211796.0
1935,149.54523312557933,2.714346800844975,600155.0
1936,150.1134283566654,2.474311169758022,292977.0
1937,150.52725422615669,1.5403602710410478,1008652.0
1938,149.9471664246692,1.7104883879106658,1125016.0
1939,149.58874894899446,2.613464280271867,604471.0
1940,149.68441733169678,2.421666314109415,386908.0
1941,150.26057801888905,2.611802285694237,996845.0
1942,150.25533963755734,1.6988317416596372,757962.0
1943,150.50520788787213,1.9840625729499304,815262.0
1944,149.7943267187359,2.6807985741615443,1004161.0
1945,150.3894415585972,1.6903974189282638,872778.0
1946,150.20438846982734,2.0861954868799932,1514293.0
1947,149.95028822818762,2.155078634950436,913288.0
1948,150.65641462336987,2.0276035012996907,693619.0
1949,150.66901374841495,2.2701139694074826,351278.0
1950,149.7310870700445,2.505740663259088,1393643.0
1951,150.0374755568145,1.6093769482622575,732428.0
1952,149.6664918016323,1.5313315441078625,872778.0
1953,150.33079381927413,1.531425836295588,204080.0
1954,150.52655840110037,2.346576786043724,246795.0
1955,149.50222254991496,2.1401167923882123,164320.0
1956,150.72461521526412,2.8905392558671963,1141327.0
1957,150.80250719687757,2.8183721323818034,872778.0
1958,149.8125310098598,1.6415599332769664,1420414.0
1959,149.76250914415553,1.6733212046447523,1309976.0
1960,150.3057856735084,2.441817041176579,773844.0
1961,150.0379861113739,1.5903411693992886,729756.0
1962,150.27603106210103,2.557029024623734,1191762.0
1963,149.7411544606164,1.9685724744207935,456345.0
1964,150.81454520231185,1.8936732686945608,1499989.0
1965,150.09461152669448,1.934392210258201,1175720.0
1966,150.4836487647671,1.9466534883745739,948515.0
1967,149.88989836600115,2.7006950855545764,1044026.0
1968,150.19744765484464,2.1325821738434287,805679.0
1969,150.40291490562655,1.6676152703400642,329556.0
1970,150.3335690843696,2.4862533706354366,614449.0
1971,150.5108489381503,2.4427945077885886,141796.0
1972,150.2468805037408,2.7356846717173706,416100.0
1973,150.84007212676062,1.8567402955920786,1226136.0
1974,150.36154630816424,2.7244802218757345,700709.0
1975,150.675090239769,2.2814539772188116,188040.0
1976,150.52890973852698,1.6882568128494164,1160842.0
1977,150.3521691949631,2.3832130359095265,872778.0
1978,149.89685065962453,2.324311180669207,479460.0
1979,149.591260463453,1.5691058399084443,1067113.0
1980,149.82357541251827,2.06241775947486,537582.0
1981,150.4174849097393,2.5501023428156917,872778.0
1982,150.62275934392343,2.4229584814818894,1088487.0
1983,150.31341957240718,1.8307540163894274,514120.0
1984,149.72970319017347,1.8847155203951667,1346601.0
1985,150.66266053332592,2.51606899092649,1431986.0
1986,149.6277681312415,2.1239019758780158,872778.0
1987,149.90972949142656,2.2598859802986495,778436.0
1988,150.01650721494656,2.13375817128344,872778.0
1989,149.99457819689977,1.6433460932416315,1200811.0
1990,150.71669389946737,2.290706561742568,197908.0
1991,150.6278596045491,2.089216717344747,524549.0
1992,149.49726930927434,2.7089026668075245,872778.0
1993,150.2475480166199,2.6576954736161698,1068281.0
1994,150.738376213918,2.2597860632567404,1165149.0
1995,150.15379755141055,2.0455388061457898,1049571.0
1996,150.14066478011378,2.4794684766381203,872778.0
1997,149.81097607852325,2.6159261513050067,1340035.0
1998,150.0112202962161,1.6834442313843063,1011541.0
1999,150.295153203665,1.6279431196718392,1300132.0
2000,150.23504709519523,2.5600759664065507,872778.0
2001,150.15112815113767,1.567452249688599,1333577.0
2002,149.59245676848224,2.5422840762448637,1147952.0
2003,150.55842464408687,2.573318273048704,786668.0
2004,150.61012538954424,2.1850960481964083,1392193.0
2005,150.3121354939782,2.590897251524667,1203552.0
2006,150.76467564929547,2.0364170925949114,1075498.0
2007,150.81457037145742,2.294685894141139,915792.0
2008,150.29197760969004,2.314826264897356,297537.0
2009,149.55937612088874,1.754667484656111,955900.0
2010,150.04032319946546,2.209304068714257,462142.0
2011,150.53620048807545,2.8483933750985635,267836.0
2012,149.54016767262397,2.0812590867357805,1027915.0
2013,150.8405353584399,2.0641252275140727,855358.0
2014,149.78730826220573,2.5604264645076515,934792.0
2015,149.74438183841715,1.6353110688802432,1529042.0
2016,150.7715624342425,2.572267692195479,1054559.0
2017,150.1664061305411,2.0595356172904173,631554.0
2018,150.39334880575717,2.5730293651662635,1487361.0
2019,150.79834803060942,1.931912543523496,232325.0
2020,150.07650992095617,2.4473436348499127,1138358.0
2021,149.80364138111088,2.625636151849408,1311783.0
2022,150.01130415091455,1.9600429530822225,1193986.0
2023,150.64608981040146,2.3638087200489526,416671.0
2024,149.59235325499864,1.7901299302037996,370668.0
2025,149.93130018000713,2.70055342809073,1312991.0
2026,150.436482594441,1.9615386940850381,238838.0
2027,150.57307052821042,2.557467081349893,629454.0
2028,149.9832764721008,2.814246693102498,661398.0
2029,150.2469414119656,2.296404441500913,1262066.0
2030,149.5913188417534,2.4897622868122835,1087441.0
2031,150.52178547410358,2.8405370906256286,1381510.0
2032,149.46884119751903,2.071062582764724,1401218.0
2033,150.4130400978127,1.6933371043090872,1457517.0
2034,150.42832228583953,2.4961346411787995,1213341.0
2035,149.74664102865333,1.9532461823344742,208815.0
2036,149.59335353965974,2.198208527231457,533557.0
2037,150.0840299012542,2.498267230166056,521823.0
2038,150.15852145235297,2.597844091755079,339580.0
2039,149.6802266904198,2.9122417509169094,269872.0
2040,150.25770808430525,1.9529580485303561,1487630.0
2041,149.46432905187612,1.759085532501964,241783.0
2042,150.72596590498483,1.6748632909341068,960453.0
2043,150.72598308059338,2.7670942653762634,1428094.0
2044,150.7004061749822,1.6503915500311157,1129791.0
2045,150.22775828119248,2.6973354644591634,830516.0
2046,150.6929690544566,2.2981218256268927,938180.0
2047,150.4743549750703,1.5476351960096182,1210894.0
2048,150.74745995295876,2.618538740176966,1392834.0
2049,150.76439576720173,2.6309000837073375,153418.0
2050,150.20115526916828,2.2433019599223316,872778.0
2051,150.17030234370097,2.3303802035759142,1263055.0
2052,149.97014307326796,2.8626913224954373,1407352.0
2053,150.04966254623488,1.5813793955405706,324202.0
2054,150.13387472188074,1.518983930536463,1234320.0
2055,149.83421817730067,1.761357688789487,1462507.0
2056,150.3970019862112,1.8437209832632082,960793.0
2057,150.81138342725302,2.715555936898147,402358.0
2058,150.0353230595617,2.1739824756848796,613338.0
2059,150.68932537231865,1.9591256463785425,872778.0
2060,149.96543768880142,1.7145535928654683,1457314.0
2061,150.84474683987008,1.6708284123164319,1125016.0
2062,150.22160985125873,2.3777141742595544,1188692.0
2063,150.05276214651306,2.1509836356973517,872778.0
2064,150.75019965135175,1.7868842285003959,321727.0
2065,149.4853990419952,2.1890054486090236,872778.0
2066,149.879365047537,1.973413325515224,223053.0
2067,149.75172101481078,2.408405121867999,872778.0
2068,150.62890277502922,2.5179159980836046,807757.0
2069,149.60802837765596,2.572695011908705,1147602.0
2070,149.7585056571223,2.852043179674276,1450960.0
2071,149.94702258942434,2.181259037381628,1118776.0
2072,149.51757001659612,1.6363937311720322,1492781.0
2073,150.42030747588854,2.3252465950356975,1201991.0
2074,149.4983324006258,2.6511056062049416,418328.0
2075,150.28528580081493,2.379198810547125,410394.0
2076,150.4877660735709,2.9126007145647446,948754.0
2077,149.88852197621065,1.9049328598632487,407246.0
2078,150.2156147534451,2.6157132359669637,1108038.0
2079,150.02713128749704,2.2064883073716643,1262678.0
2080,150.65692505823853,2.637163177483767,872778.0
2081,150.24610016257483,2.869596121512421,1179290.0
2082,150.22563407703882,2.6134450040443262,1327416.0
2083,150.7869618731194,2.335179412977253,1438632.0
2084,150.20973200449671,2.154771540989902,1105944.0
2085,150.0697512978737,2.4450667908463206,403919.0
2086,149.8240312024388,2.6984956271034766,608285.0
2087,150.3371654204076,2.5548437243603885,1346059.0
2088,150.15881655435723,2.859780717089072,956999.0
2089,150.02544828463246,2.81327187893547,504994.0
2090,150.33890138963358,2.6277482619650216,1190799.0
2091,150.20065592863,1.7821307290506692,455757.0
2092,149.55722373495553,1.68869830783115,951324.0
2093,150.17024160245987,2.8687074125307825,418802.0
2094,149.77514223964064,2.9138552933991977,1198197.0
2095,150.59035891971817,1.8256673188278496,844684.0
2096,149.97302549615372,2.8023286989187652,872778.0
2097,149.61907826490256,1.8377581764102167,1110861.0
2098,150.1667970107401,2.4942714122603387,583017.0
2099,150.22304241549344,2.4961770524968223,866544.0
2100,150.67978401305666,1.7666554525966043,1540995.0
2101,150.495463172649,2.0959329996453313,872778.0
2102,149.95689939298637,1.8352998806740781,872778.0
2103,149.54594345838237,2.1060813838941197,1051626.0
2104,150.60914877982432,2.615627294756706,872778.0
2105,150.3822848805913,2.7453006415196803,339580.0
2106,150.14132426374073,1.7787488196039074,1454610.0
2107,150.24211620307145,2.0990151564543535,677985.0
2108,149.83617678280848,2.342254838433666,1105446.0
2109,150.3282329211673,1.9782875612897959,1127095.0
2110,149.67562586971803,1.548558702556352,356519.0
2111,150.21325109739655,2.2132655757220374,678355.0
2112,150.53984633144813,1.5356320863538033,1221826.0
2113,149.77853881007337,2.8930971858489842,715824.0
2114,149.82861427094818,2.169160164737625,1400035.0
2115,150.52261014329116,2.5856305369560584,428096.0
2116,150.4214805116053,2.6576920854185033,166285.0
2117,150.74568076932462,2.050691126921325,251560.0
2118,150.27455040575578,1.603533503560658,218587.0
2119,150.55444225332258,1.9463170383249864,1129531.0
2120,150.21269176723925,2.0422093032172177,689972.0
2121,150.58144942293276,1.9478704552769885,1309976.0
2122,150.02183710537685,2.6651760633129076,691087.0
2123,150.3440622612476,1.581567767455897,1530434.0
2124,149.52090807743085,1.9871174997936851,1216696.0
2125,150.69301272654698,1.967409887811571,1438216.0
2126,149.8114421828116,2.444430077012482,229454.0
2127,150.74783690558712,1.8862913653550735,872778.0
2128,150.2542036139857,2.030251929081167,1318054.0
2129,150.60273818670322,2.3489670480992926,263784.0
2130,150.45364488046025,1.7403374480622058,967340.0
2131,150.30385562619313,2.546896443037788,1210163.0
2132,149.99026411503672,2.72152700603682,1161596.0
2133,150.4776841629942,1.8069830936613869,1490184.0
2134,149.84096014821435,2.571586350963792,1101081.0
2135,150.781206412143,1.5940128322923326,415533.0
2136,149.96306514296415,1.8644637515395681,1198411.0
2137,149.80456417345968,2.698668545271111,592036.0
2138,149.44758926789115,2.396029555973854,872778.0
2139,149.93657993398742,2.8069478021511483,1191312.0
2140,149.4338734146466,2.69874861947258,305945.0
2141,150.19012355666533,2.194397266385069,329886.0
2142,149.75900144737057,1.65259005376179,1124408.0
2143,149.44494897616332,2.3925031609018435,1117292.0
2144,150.58560510101626,2.2509326642998646,1394963.0
2145,150.13763529323933,1.8803087012245898,426719.0
2146,149.67086934790112,2.2621085065536426,685086.0
2147,150.48267893770128,2.5933693081636497,736264.0
2148,150.3602395742551,1.8479018030979244,176064.0
2149,150.58994597764575,2.6731768541636196,431483.0
2150,150.46597303125992,2.43225433573805,1370456.0
2151,150.1561703708422,2.9028790310761945,1169901.0
2152,149.4828938910319,2.6155155636895033,872778.0
2153,149.88139030590247,1.6435712437286278,1244546.0
2154,149.70966061705965,2.227076016247117,1023629.0
2155,149.50688680929304,2.492165349205894,1575756.0
2156,150.67269559725946,2.6627833769170657,962086.0
2157,149.9768126731431,2.0569603620112993,872778.0
2158,149.4687256472332,2.683014635577223,533142.0
2159,150.4446102211267,2.819935937019708,1045696.0
2160,150.04830348438182,2.0007004210506434,872778.0
2161,150.26492986504425,1.8779954449803393,829313.0
2162,150.55333218706068,1.9493624174447923,677147.0
2163,149.86918951861503,2.493060561242675,1062705.0
2164,149.45417559998322,1.945954944001695,545044.0
2165,149.6472728480823,1.5734725112040404,159115.0
2166,150.45945969041787,2.1585435779179463,945044.0
2167,149.7244462647659,2.6933197336004104,872778.0
2168,149.51238467099245,2.5041737205925516,898821.0
2169,150.02266813326972,2.8207318841120013,930720.0
2170,149.89288414605141,2.42307527713954,725228.0
2171,150.6492656117475,2.3839300404806854,963472.0
2172,150.3083317660021,1.6738823059177086,737456.0
2173,149.5540449689137,2.6305973768471813,1063037.0
2174,150.78693163809146,2.8792080805883176,533366.0
2175,149.6391142080245,2.1928587675693314,872778.0
2176,149.69465144117729,2.5700384463461496,742352.0
2177,149.80369945869907,2.7003585629398748,1379405.0
2178,149.6149432202123,2.858477411162425,1435807.0
2179,149.62545260094853,1.880158799222639,125675.0
2180,149.64553419641393,1.7815942934847668,1393470.0
2181,150.43232649089467,1.6292374756797539,770986.0
2182,149.6677281701268,2.0438172263052223,952398.0
2183,150.78470601795823,1.7538405250798021,813402.0
2184,150.6164522841478,2.2297671072266443,895209.0
2185,149.61677549948405,2.7809877797467077,1398090.0
2186,150.67232632635492,2.817769436827575,1244799.0
2187,149.47813606576403,1.6542576925740793,1138358.0
2188,149.70106646837158,1.588953641305048,1025383.0
2189,150.56501853850708,2.5409166780009143,872778.0
2190,149.44092212098965,2.5928519696054027,733770.0
2191,150.17604429238787,2.385960295491955,903918.0
2192,149.4796799728429,2.698078661403426,1131246.0
2193,150.24091213212776,2.3711499923486876,878110.0
2194,149.45484643753014,2.4693819233890015,598535.0
2195,150.17680315000172,1.7047275761998253,590495.0
2196,149.89209088830006,1.5906055627722164,333706.0
2197,150.61542091499683,2.166803521035389,478068.0
2198,150.16382982841986,2.3640604412188484,1270486.0
2199,149.82635281817085,2.066568961394441,1192745.0
2200,149.76487572664607,1.70055129396494,248316.0
2201,150.66405236252848,2.020555423661185,534301.0
2202,150.24404612761012,2.7465590318192388,833179.0
2203,150.80470185529916,1.7428638432027301,759015.0
2204,150.48193486343914,1.751191938921338,1345246.0
2205,150.6471862169324,1.6809967362344744,140934.0
2206,150.72623982960602,1.69350943989234,1442603.0
2207,150.58520471166787,2.658975205044362,643306.0
2208,149.8318282863134,2.1125407616608762,484095.0
2209,150.34039950099583,2.0667858603886424,872778.0
2210,150.41907021442037,2.0239382254090375,1055966.0
2211,149.54391773387476,2.2271356039323487,489838.0
2212,149.55044303884497,1.7368628170669511,348200.0
2213,150.25257478522468,1.8884010665465927,1464640.0
2214,150.51121748722852,1.8470999366880454,1110299.0
2215,150.49592534842895,2.338660590551809,177501.0
2216,149.58992215003352,2.174359176198502,1358880.0
2217,149.7245204039361,2.581917504098179,593250.0
2218,150.64982254505205,1.8047862427509487,322134.0
2219,150.84015266238225,1.5672394978810902,872778.0
2220,150.21116052543644,2.4236642278176235,1017805.0
2221,150.24719790600776,2.0036457807696118,480235.0
2222,150.6561216111577,2.049260186901732,1215017.0
2223,150.24054927477627,2.6681835144903796,1242257.0
2224,149.70938018342025,2.625276711943947,1145733.0
2225,149.50274915760266,2.445238793413887,1504567.0
2226,149.73549682109214,1.7623807683435682,797305.0
2227,150.05483859538356,2.787541663839318,293030.0
2228,149.92465417838696,1.679682997236776,1348892.0
2229,150.59836555713275,2.757367315326108,1299235.0
2230,150.16163556678546,2.061942620823508,1081092.0
2231,149.9854445396329,2.9280554557856595,668803.0
2232,150.02054213715178,1.5974229758413008,554504.0
2233,150.32488799044373,2.5167485181855733,387685.0
2234,149.72728271303822,2.254055103366439,1046073.0
2235,149.73212910176946,1.940932735961454,153932.0
2236,150.67302209483586,2.3407379993993764,984995.0
2237,149.5270759401812,2.1793297483979437,440532.0
2238,149.79507286279494,2.4404842740389587,1412151.0
2239,150.6553893021621,2.338843643668228,947113.0
2240,150.55091976113187,1.8740853869420286,1004161.0
2241,149.9966595371476,2.439527970089709,377377.0
2242,150.62026098432807,1.5182976341363232,744084.0
2243,149.46943251222876,2.530778519180725,270247.0
2244,150.72209894444987,1.732551282264561,1368888.0
2245,149.45511477494892,2.477283948109134,1110299.0
2246,150.0437408718374,2.2727220599551172,1061105.0
2247,149.83498686993997,1.7963640110402719,351302.0
2248,150.5817071314192,2.6667392116120903,218311.0
2249,150.4928627339153,2.4147277298920526,1388687.0
2250,150.69259591912746,2.76144356027352,745359.0
2251,149.75331760451405,1.6362331853073726,1327416.0
2252,149.55177231456446,2.7263218785405856,480626.0
2253,150.20647743605642,1.8006461539241998,607756.0
2254,150.72260877445794,2.6338742651995304,882358.0
2255,150.1401599443883,1.7786072211459012,872778.0
2256,149.51399306442957,1.7964470742938845,1423282.0
2257,150.00288785111266,2.4376503343537133,175056.0
2258,150.49383634726476,2.635941283838484,878795.0
2259,150.31406880478383,2.6088230180188376,898821.0
2260,150.08331343310817,2.4318121255715774,745502.0
2261,150.28109710676455,2.331599709600406,981853.0
2262,150.73001987040794,2.4682079395988614,1307399.0
2263,150.4680509056398,2.9145767837740943,1072622.0
2264,149.89798584409516,2.4456369915561442,1521467.0
2265,149.70748416824344,1.787329796093747,1357698.0
2266,149.5114041962493,2.470615365068774,273568.0
2267,150.67732570775885,2.8364956161210593,611118.0
2268,150.45789079944697,2.7917692407351824,1174701.0
2269,150.3906759426793,1.8111680373970411,872778.0
2270,150.81840589720144,1.5316184250299507,1383305.0
2271,150.34653425007525,2.6568676638030797,1363818.0
2272,149.43939331250945,2.0512884638743274,1518520.0
2273,149.95960724654284,2.2928278215357625,660257.0
2274,150.59091103957812,2.21484929938528,982783.0
2275,150.73785304158534,2.4851484029516047,1544176.0
2276,150.3039127635516,2.5524094858041604,251222.0
2277,150.74694147912402,2.0546035857253258,872778.0
2278,149.79962989201908,2.2403255346261943,872778.0
2279,149.92234087235994,2.67229014568704,471794.0
2280,149.9123894216512,2.6945121296932397,186043.0
2281,150.49224532794483,1.8849706906493953,872778.0
2282,150.67616837940406,2.7811853845467143,851430.0
2283,150.04085008691976,2.199823556989216,524366.0
2284,150.4560371994533,2.290814828422176,1470983.0
2285,149.4589582463513,2.921644825463213,580994.0
2286,149.99490642302518,2.3659721591399716,1585071.0
2287,149.86931110983642,2.458544033102444,872778.0
2288,149.44243210026,2.1653826970413927,806708.0
2289,149.91621544803536,2.8085185258097622,982076.0
2290,150.17618629721795,1.9574731411299169,833404.0
2291,149.97689474747642,2.32726910797792,178423.0
2292,150.66687648596968,1.838828518759779,1414490.0
2293,150.18109498896624,2.2050383243725613,872778.0
2294,149.46117429498952,2.4817823196644775,1214172.0
2295,150.48032487701798,2.8999100684012546,1398322.0
2296,150.3723637556536,2.7006671296998856,1473480.0
2297,150.6968732389118,1.8315608458883839,242343.0
2298,149.98969324123945,2.339422210173582,872778.0
2299,150.27078350844764,2.280730783155599,1015766.0
2300,150.83175111095147,2.2085258168400226,1425522.0
2301,150.20690942676305,2.1078883701341753,1118776.0
2302,150.8356881392403,2.248562427913808,212600.0
2303,149.70056637998553,2.5191582382089823,225621.0
2304,149.63350406483784,2.6681111256105163,1172467.0
2305,150.30328010253064,1.5755347185758592,872778.0
2306,149.80860593827717,2.8015836708853445,1472336.0
2307,149.7865663116414,1.8342888155213597,1446624.0
2308,150.07865352594487,1.5985050469196258,1292656.0
2309,150.30477354698886,2.4463869611354463,872778.0
2310,149.9146150951702,2.903065008838899,378597.0
2311,149.99781455620638,2.220388288797796,663144.0
2312,150.06794746020725,2.0796226068773893,543660.0
2313,150.2192285865311,1.934772065914005,287071.0
2314,149.9298695011516,2.2390260002756497,678848.0
2315,150.0472438949287,1.5758239494638826,781934.0
2316,150.74067560534027,1.691432873113382,677697.0
2317,150.3379118193861,2.421785790313795,290519.0
2318,150.3990238301406,1.6357140856533823,1487361.0
2319,149.81364963897724,2.0854161649139167,872778.0
2320,150.4007471714332,2.832568678931658,278211.0
2321,150.68487153424243,1.6234667091729336,1530434.0
2322,149.57056594786224,2.6338843239781244,594583.0
2323,150.17431402724597,2.9238128628855495,1379286.0
2324,149.82999210489209,2.867474071204826,1431962.0
2325,150.33287942749362,2.60293609432081,753809.0
2326,150.1847587865725,1.824133392914339,1541506.0
2327,150.48916990212905,2.7403681768869155,980579.0
2328,150.36207900020642,2.06161638868931,1338892.0
2329,149.99418647867134,2.411415558098582,807239.0
2330,149.73556680196793,2.4425357094286344,948825.0
2331,150.4473886530564,2.8076616600487365,1413204.0
2332,149.6732352077346,2.645257749129769,872778.0
2333,149.93433302371508,2.5471461678126106,1160008.0
2334,150.25851523027177,1.5440431438497437,498443.0
2335,149.62642999318783,2.0054055183177724,521275.0
2336,150.84576069449423,2.2360661728986537,979124.0
2337,150.02381827322563,2.616799828363365,698998.0
2338,149.52489806663726,2.8084934471530496,872778.0
2339,149.93844240788673,2.405021814980534,808298.0
2340,149.46768499363571,2.3378978794281053,1257403.0
2341,149.98197223310387,2.4767546068226363,1185389.0
2342,150.6431805493991,2.7144575858241695,379901.0
2343,150.31169669474633,2.5026231881865817,487494.0
2344,149.52942101080387,2.8170817510176898,1107782.0
2345,150.6749241020717,1.8033302228932602,1214172.0
2346,149.48409515709753,1.5540907500493033,275598.0
2347,149.74082188493972,1.6938691038523002,697067.0
2348,149.70215999053852,2.0924336133127692,1127095.0
2349,150.74544145874358,2.764911347140078,1043099.0
2350,150.55999165337744,2.5604550219563156,839981.0
2351,149.57721197222864,2.9185095822952976,591951.0
2352,149.82821206162592,2.2260632680546477,807239.0
2353,150.0128132001612,2.527274535392733,1515980.0
2354,150.6702732621558,1.6752151007914473,872778.0
2355,150.72131793123296,2.44731135733854,196759.0
2356,150.34568220463646,2.5260563437230545,1331682.0
2357,149.47808815063053,2.898806996585326,523490.0
2358,150.2266594538632,2.2500864787129666,269728.0
2359,150.69027033496508,2.381489815404085,520649.0
2360,149.7609975531658,2.765230789750894,1329475.0
2361,149.6652095388644,2.1831037814290575,1281612.0
2362,150.79312860505047,2.27562725342739,333706.0
2363,150.2523165235628,2.886201958022232,934305.0
2364,149.46852418262574,2.678629006471569,1421570.0
2365,150.4752785063689,2.61049940039547,544807.0
2366,149.76175901284958,2.3703286276438953,274427.0
2367,150.0871676212029,1.9789041132630352,295201.0
2368,150.40995263715223,2.7156018357167646,741605.0
2369,150.2028239965261,2.1430821682373264,177501.0
2370,150.68207026159328,2.6920831405128993,454093.0
2371,149.68161091677712,2.729594812838404,1360967.0
2372,150.07547879132952,1.6086335861683942,972143.0
2373,150.31829228997694,2.162023371403142,852532.0
2374,150.15684331705907,2.516614873349671,927477.0
2375,149.5178297178151,2.4664619698121277,1034369.0
2376,150.35283366570414,1.942067181186852,1321538.0
2377,150.21279104261913,1.7557979148383034,1275738.0
2378,149.90771290515556,1.6571210662419398,1177653.0
2379,150.75175702656594,2.488361790912818,1225941.0
2380,150.64689832317964,2.3138298896608043,706423.0
2381,149.77603435287247,2.5527772295653506,728043.0
2382,149.93185904512384,2.6196521916677002,736264.0
2383,149.4729507710257,1.945580407028178,1448683.0
2384,149.82623778046863,1.6934247841914734,238838.0
2385,150.577033310365,1.5181182808524019,289636.0
2386,150.06274796118706,1.799741360222853,1203631.0
2387,150.11436246570062,2.631226291453501,200949.0
2388,150.13164631957903,2.204337493997783,1559910.0
2389,150.53325018904448,2.5907497850396894,1098299.0
2390,149.98830509736382,2.1461368895890223,926780.0
2391,150.5422681110278,2.70505945703304,168569.0
2392,149.72795129103656,1.6924390119035166,1062531.0
2393,149.80937678005688,1.8343685105547496,753230.0
2394,150.19873455875884,2.8711118262975432,389461.0
2395,150.23266155623304,2.456666813671948,643306.0
2396,150.61106966047765,2.139477778737625,498784.0
2397,149.6507939086488,1.5130926738799084,625915.0
2398,149.7610467007584,2.1525486040360176,1096066.0
2399,150.67574468531075,1.8827474862184788,416426.0
2400,149.69497025279327,2.5512344071971143,1441886.0
2401,150.62160578041266,2.5279491921297943,1390737.0
2402,149.71821418427135,1.6202680056231094,737060.0
2403,149.58171072859835,1.9366107671995543,872778.0
2404,149.93295424354966,2.6573219274649755,999536.0
2405,150.04176906038035,1.5454680199625417,510979.0
2406,150.19677021043887,2.3748744153954275,374989.0
2407,150.47562670665383,2.5905786041600933,1318054.0
2408,150.44300824524123,2.754557870878438,472223.0
2409,149.67519302415482,1.8900704200873828,1322047.0
2410,150.23374137318842,2.8328334734426868,1230897.0
2411,150.39817287594718,2.066549956371686,1081092.0
2412,150.53955652010055,2.5803711265834726,872778.0
2413,149.56814239896852,2.7490366596888234,805679.0
2414,150.22573225254658,2.2569014710847624,545706.0
2415,149.50507593602254,2.6077012094868004,916480.0
2416,149.98958037505085,2.1043597861635934,1289140.0
2417,149.90475968779347,2.666452686460372,1214172.0
2418,149.5057562066869,2.308960626164908,1132951.0
2419,149.93558456704815,1.9474135368023606,436206.0
2420,150.19540776017294,2.1162299901086388,408085.0
2421,150.71479088987113,2.2564576487604775,784074.0
2422,150.65372801482323,2.014993688120299,768706.0
2423,150.37845598071945,1.9352914714045264,872778.0
2424,150.39816286425292,2.7737124200681347,1087972.0
2425,150.33889250695387,2.7026374063881438,1442729.0
2426,149.95245792893127,1.6139530315595452,872778.0
2427,150.55103514539405,2.0083300472056242,214871.0
2428,149.83240431565324,2.0098298409247706,1321349.0
2429,149.64181060241646,2.4698683656325753,780717.0
2430,150.1572271105078,2.0833386984687383,872778.0
2431,150.62624259566013,2.4890974315908925,871314.0
2432,149.6026762258095,2.8238333111688125,321532.0
2433,149.50831199549435,2.7562417503066436,1012811.0
2434,149.62925833894508,2.493753396872986,456345.0
2435,149.944416888837,2.8639471214043644,1570595.0
2436,150.75882475921608,2.549838697322256,415533.0
2437,150.62218984935808,1.8558516290912088,114344.0
2438,149.51376203712934,1.8933002278151192,741087.0
2439,149.4553503578948,2.0307358427534665,697791.0
2440,150.22631697256926,2.5634412401009268,341783.0
2441,150.27092487919606,1.8539245557026969,1040726.0
2442,150.5697987534363,2.7496041976275953,181961.0
2443,150.11859185650616,1.768324087805164,1360551.0
2444,150.51492170697807,2.0528654678101534,379997.0
2445,150.70879539808175,2.5673905223396396,1093054.0
2446,149.48314347884772,2.2078683662617227,718530.0
2447,149.64648258504567,2.3623882278173856,1395346.0
2448,149.68057823086423,1.619178496079244,651468.0
2449,150.70045021981574,2.245412961601828,1001799.0
2450,150.7095195500099,2.3025449173557426,600247.0
2451,149.6118508797857,1.7508731828014665,925444.0
2452,149.71206570814027,2.205753354520407,945044.0
2453,150.23806097034412,2.325239994721361,1287091.0
2454,149.98068858016472,2.397948784215279,544649.0
2455,150.4060085753485,1.6089339011639154,740453.0
2456,150.5496063669735,2.681589501340076,1544176.0
2457,149.82692132043167,1.9504433395347154,479113.0
2458,150.61044294745858,1.6336340507875289,316863.0
2459,149.681907560386,2.148026790491786,1170624.0
2460,150.82292450781233,2.1308584669248494,707576.0
2461,150.59594650763745,2.4998798763663745,1235364.0
2462,149.71689576872393,2.3639730727443906,329556.0
2463,149.62576148303498,2.209062120974719,921251.0
2464,149.91150333556763,2.0370633162515626,416671.0
2465,150.01454003026575,1.5768482884287818,1170641.0
2466,149.5677536883953,2.779320141330621,1322354.0
2467,150.44823668923772,2.341699580931895,1417084.0
2468,150.02563688856975,1.7568993696667954,1105944.0
2469,150.16343534819745,2.5258554141238223,1157145.0
2470,150.74669915160695,2.3479814524979123,921251.0
2471,149.59355456043494,1.5495428245716023,872778.0
2472,150.74648691299907,2.901337138726738,1108410.0
2473,149.9497340079002,2.2104862386228152,962939.0
2474,150.46249994507073,1.7945358280694208,787760.0
2475,150.8078553077947,2.7524436817218882,1112188.0
2476,150.0765272816829,1.7919952332596685,1518888.0
2477,150.41287711733497,2.4327511053541198,149463.0
2478,149.4937229848045,2.7666579474712893,777526.0
2479,150.08977824228126,2.3818195162650433,364407.0
2480,149.8549950374106,1.8791151644882649,485553.0
2481,149.46625976678112,2.7491698457351443,388630.0
2482,150.0898625271573,2.506341772436523,663759.0
2483,150.6983238441368,1.6027486902440609,1289140.0
2484,150.03089901976884,2.6495702033871344,1291832.0
2485,150.60910022386588,1.8626050666394462,219163.0
2486,149.552127334843,1.8341582289951242,1199047.0
2487,150.14227475858652,2.1874771277539304,341647.0
2488,150.04850831010918,2.156107987836524,1030767.0
2489,149.81826904037035,1.8748609187004515,1412151.0
2490,150.32754655730437,2.2361381333008588,1251825.0
2491,150.10971426509758,2.4726619248542936,436226.0
2492,150.575705438226,1.7449349951543676,821153.0
2493,150.02147253463949,1.9900955318333535,1562027.0
2494,150.64740918289505,1.794803365859273,1005331.0
2495,150.67668375932865,2.684245020758662,1384228.0
2496,149.7577825841161,2.154793963462141,1425522.0
2497,149.58965632075837,2.482988302062598,1453989.0
2498,150.33277203888946,1.521710031448841,1457966.0
2499,150.70093585589714,1.577891317400396,1362284.0
2500,150.0352654899553,2.0992805299273485,872778.0
2501,150.0789653013724,1.7848179589992,1443179.0
2502,150.7956891068697,2.2859590094546656,872778.0
2503,150.47693230775153,2.184720038542038,1015766.0
2504,150.131505466957,2.9036879875838553,127924.0
2505,150.4037209089395,2.8867111412304096,612846.0
2506,150.8393816674586,1.6872179241218108,1343401.0
2507,150.78571529379832,2.4772487325131003,1235364.0
2508,150.2165857097519,2.3178279439927847,353055.0
2509,150.2872591873539,2.594576244616312,872778.0
2510,149.87963185055918,2.8224270377253036,872778.0
2511,150.6317890860943,2.860985971557565,725228.0
2512,149.47329877846212,2.3263639672926315,1017665.0
2513,149.5579711122697,1.7156310822721867,552644.0
2514,150.02120870986934,1.8882124982303625,937841.0
2515,150.58160815636512,2.5746266522442576,275113.0
2516,149.49294377854625,2.6315784804089075,795439.0
2517,150.15248171721086,2.1105541727754913,665162.0
2518,150.28747368001532,2.79817872801772,1432259.0
2519,150.6311565484766,2.615717897109196,1468195.0
2520,149.64653681165032,2.050255661281343,338686.0
2521,149.52667834481628,2.812072910236357,789607.0
2522,149.7408871068198,1.695756778654482,1494858.0
2523,149.6130095605505,2.7534918423811074,764943.0
2524,149.55380010560154,1.801109812532737,1018746.0
2525,150.1496012539906,2.3503962106763425,861167.0
2526,149.4488662809102,2.84178243464717,1259997.0
2527,150.70654891887145,2.2197281167443763,913844.0
2528,149.62751183761196,1.5801783460377585,872778.0
2529,150.38062477028734,2.541252750665844,1442729.0
2530,149.66993094813589,1.7634157285040888,1065214.0
2531,150.47575916261528,1.852600849896857,764860.0
2532,149.9858945855472,1.9296660240672083,1507001.0
2533,150.5457607071723,1.9154154379877744,872778.0
2534,150.60725207514508,1.8416633755131986,872778.0
2535,150.71824007073738,2.1415328851717867,749952.0
2536,150.39132077678508,1.5324231073831587,896261.0
2537,149.88499244375754,2.6818735728428544,872778.0
2538,150.34486468790118,2.158154927132253,1359837.0
2539,150.5253236888583,1.697032629967626,992031.0
2540,150.27603332464676,2.3130527678380832,436718.0
2541,150.56072251928566,2.5332356654841446,1309689.0
2542,149.63225407750582,1.9002286867940312,255549.0
2543,150.7930851244704,1.9098606904985231,967871.0
2544,150.618200570705,1.6270090233181098,181112.0
2545,150.77648597947206,2.0477832322806466,400360.0
2546,149.70603796883307,1.7513766949805767,872778.0
2547,149.9253855661587,1.9155753814830256,386908.0
2548,149.91046617103103,2.641947559990384,995275.0
2549,149.5084454980377,1.9956139690065076,1404799.0
2550,150.01184550525775,1.55153127487298,117898.0
2551,150.58338369534076,1.6337831664739393,872778.0
2552,150.7041822798951,1.9824833966540263,675296.0
2553,150.06576347501579,1.8340052458678686,1398322.0
2554,149.78731450310343,1.8350349715072762,1192748.0
2555,150.66688014158964,2.1621643797083,683653.0
2556,150.32995230940705,2.2105474764004387,770447.0
2557,150.41301790130893,2.8321284608648396,963100.0
2558,149.76530835037212,2.58555873513419,739757.0
2559,150.68471810933872,1.8858619010094921,756598.0
2560,149.5614762194352,1.566511557199476,1270486.0
2561,150.20947919017547,1.9188975065877236,872778.0
2562,149.63699442125255,1.6385815854820602,872778.0
2563,150.44203987532157,2.8071135901225084,872778.0
2564,149.83883481196912,1.5399487019990363,1283447.0
2565,150.78317361600037,1.9024681355831499,1113742.0
2566,149.6974386457924,2.772020527600256,1227872.0
2567,149.89234090100734,2.773536988439046,965329.0
2568,150.45871029261667,1.9322343707057679,679417.0
2569,150.7497879763255,2.6670963686900766,168479.0
2570,150.20163048020945,2.67247520682807,993942.0
2571,149.79418820521656,2.1084831183009256,1214172.0
2572,150.03080119288876,2.2612916712458655,1172174.0
2573,149.91295777469844,2.6859462333364292,484095.0
2574,150.24065558565366,2.4247503733426483,1040247.0
2575,150.514230379523,2.413876178823465,906430.0
2576,149.93094521720536,2.727535907081651,266871.0
2577,149.78423893854915,2.5072645976813757,196759.0
2578,149.77264360544115,2.838622785151447,1018289.0
2579,150.26852098407375,1.914601265958494,1446624.0
2580,150.4381263871728,2.5633469127100623,1169632.0
2581,150.2185087922936,1.890335891186876,884383.0
2582,150.519521502542,1.606314646722373,1467570.0
2583,150.1936820121708,2.738534435427063,200716.0
2584,150.4734536929626,2.9294877405456132,1368888.0
2585,150.39542742811653,2.8915060531967542,1099541.0
2586,150.5894769368192,2.2416863621334793,782579.0
2587,150.16751453261682,2.8113687104910774,682509.0
2588,150.00398326649298,1.5623212027979394,872778.0
2589,150.80905022770978,1.8273446456449043,588178.0
2590,149.8849690537291,2.2807906502031607,211322.0
2591,149.90974859496941,1.8873861662414355,724006.0
2592,150.5399294601446,1.5771690643293719,1414490.0
2593,150.65791953980073,1.7573841495613636,514120.0
2594,150.42053450660947,2.640639119725144,975618.0
2595,150.06239430791024,2.295899310857029,891405.0
2596,150.1635540014084,2.387267017231018,1170262.0
2597,150.69772899402025,1.7578874535068127,872778.0
2598,150.130239003681,1.7749292630537434,312814.0
2599,149.50438364149406,2.3742061836833277,275113.0
2600,150.4315161457407,1.8535103908978112,1178429.0
2601,150.6078256296605,2.9318436348572976,737061.0
2602,150.11618919867834,2.5288825870516325,1294396.0
2603,150.26509880854533,2.6829843337933355,255308.0
2604,149.4739841220246,2.9143131340546775,431203.0
2605,150.35744016623116,2.667829725725527,872778.0
2606,149.633634426256,2.7583553963609106,1518888.0
2607,150.11009956723862,2.4031740049085766,857837.0
2608,150.1457624743748,1.7657014545877634,269872.0
2609,149.51855011634927,2.0824172638623644,262869.0
2610,150.4890334960897,1.567082387710551,511926.0
2611,150.17459191265505,2.0419413897723375,810238.0
2612,150.70183428415072,2.034730385056121,1214095.0
2613,150.04737377267665,2.1901734957217833,1444879.0
2614,150.30421546411185,1.9221453186391328,707121.0
2615,149.63799891700356,1.8488281587077564,860934.0
2616,149.57036888490572,2.082555155170237,131002.0
2617,150.1032899737455,1.6212371395987912,663103.0
2618,149.6377209241561,1.6462138271106963,872778.0
2619,149.56624580205488,2.5866218792129345,799918.0
2620,149.84014296306955,2.1109681679056207,518141.0
2621,150.48666768394332,1.69903469602981,703754.0
2622,150.43641188490824,2.113779702653245,1099541.0
2623,149.6809267845142,2.6065309468105213,970026.0
2624,150.7709815274082,2.0111456695642156,1534752.0
2625,149.4935371147259,2.4850507714418306,1100534.0
2626,150.5997739670322,1.9143822267402482,1516724.0
2627,149.9934133451254,2.6906071255108364,1339492.0
2628,150.12643360029236,2.8969235765259667,1169516.0
2629,150.56277454530434,1.6852162090924985,274393.0
2630,150.5024482353569,1.9597627849654997,706423.0
2631,150.31420701580575,2.7579030512425007,1362542.0
2632,149.94073304450453,1.5952198724196602,872778.0
2633,150.38969175523647,2.5984880640707395,872778.0
2634,150.21091732506898,2.6601859787353046,1487630.0
2635,149.91434952379964,2.0220724896821696,951324.0
2636,150.10042436099036,1.7304177355855823,235304.0
2637,150.4430012509552,2.0737390172144563,1170262.0
2638,150.0929134531889,1.9206569575272874,677147.0
2639,150.3180250372966,2.038557542951802,316572.0
2640,150.03486424390204,1.974836812933665,467645.0
2641,150.73259282029176,2.8406737130984707,967638.0
2642,150.44104488224528,2.0030761608570082,223725.0
2643,150.5324154831856,2.601495263294812,254931.0
2644,150.71605898389936,2.6364476722218697,347101.0
2645,149.93906555620637,2.0731223069946805,1013710.0
2646,149.46321057359748,2.0691216619841,298101.0
2647,150.49780901305905,1.7390142721598514,1141653.0
2648,149.58483451454944,2.193273188802995,1136008.0
2649,150.61336803221937,2.4873612254753783,872778.0
2650,150.55801406170332,2.196946614406819,656868.0
2651,149.7825613338248,1.6677983902021798,1157145.0
2652,150.47417571059535,1.961422640369691,1402082.0
2653,150.75891644204907,1.7040023097866064,1396261.0
2654,150.3073011951627,1.5143373637363629,1238786.0
2655,149.59399268116138,1.8533306090277013,609372.0
2656,149.87889910160357,2.1337329200381574,1225349.0
2657,150.11779536828624,1.997175072885755,1441139.0
2658,150.05116833745046,1.75407617331267,1334231.0
2659,149.60599738056825,2.074696763744851,368071.0
2660,150.0950905469127,1.525331423825874,651888.0
2661,150.19440616898055,2.728797325789844,356519.0
2662,149.58809806761832,2.1895193991339412,982360.0
2663,150.02517861551667,2.0089062826340847,543613.0
2664,149.9407872648591,1.7142282297573885,872778.0
2665,149.8407508917497,2.5282109752101167,1330687.0
2666,150.6024254616805,2.2078842580743108,899189.0
2667,150.41322175458606,2.3456917286774197,492077.0
2668,150.00991644197472,1.9431411954929916,913844.0
2669,149.81584241531746,2.9028269982992936,931353.0
2670,150.55740806542403,2.7271819445667735,376074.0
2671,150.12833671080918,2.1348648765154974,1311426.0
2672,149.8816644974164,2.601569740830781,811452.0
2673,150.18185714355945,1.705374485135862,1385309.0
2674,149.66721216925185,1.9420691872576772,293136.0
2675,150.29074864185378,2.0663121660805706,820679.0
2676,149.86818748654392,2.1973796976449727,1375574.0
2677,149.67165205100426,2.374131240639687,1088487.0
2678,150.69006034109748,1.800479211155519,1538637.0
2679,149.72545224120307,2.011933018570597,125675.0
2680,150.52865489098602,1.5132124862085194,1281017.0
2681,150.19936348818624,2.800019569880982,149463.0
2682,150.84205101632355,1.663019609007085,872778.0
2683,150.35575507577767,2.401485489846305,346674.0
2684,150.53955761454617,1.6929338917882,736264.0
2685,149.4546046375578,2.5217032486537216,1493915.0
2686,150.34444024386005,1.8374239641229724,1341927.0
2687,150.7507499695641,1.7779083042907182,949552.0
2688,149.53452507812136,2.7423796981136235,934603.0
2689,149.54231720244275,1.6285482207378361,1535051.0
2690,150.3233249680641,2.11820737611747,1486173.0
2691,150.50825338776932,2.577435790341436,1293384.0
2692,149.8648155580191,1.5199541611311724,342741.0
2693,150.40814662202808,2.146887089577791,872778.0
2694,150.4029780609244,2.765769506573842,872778.0
2695,149.75810757376667,2.867336827772724,152579.0
2696,149.77961567332883,2.3039241150569074,872778.0
2697,150.26236592669576,2.2837064874580237,726813.0
2698,150.7375435559546,2.0097347129219387,206312.0
2699,150.75020575992704,2.1247899312345067,872778.0
2700,150.14486937475763,1.8382980423048916,839615.0
2701,150.04953885145667,2.018334127368491,1185576.0
2702,150.5890307262848,2.592948978041049,1344955.0
2703,150.12939235838175,1.66049470044945,1334481.0
2704,149.85905960379995,1.8924241230842227,590179.0
2705,149.97513940643572,2.6249632313893567,1022990.0
2706,150.051407485126,2.2651628182292156,1559090.0
2707,150.0088153194854,2.5958603151652335,479501.0
2708,150.8330136595912,2.4629964696586786,708758.0
2709,149.85278097274875,2.4521106157433192,932347.0
2710,150.19726936544384,1.8031332846683976,1323659.0
2711,150.35254642879005,1.7767123395086986,779938.0
2712,150.48018411741998,1.925245954575124,147172.0
2713,150.31696346917047,1.643639111120782,1379405.0
2714,149.80021612708694,1.7868825803188966,1227872.0
2715,149.62476779436017,2.5468486792195293,872778.0
2716,150.03852495464528,1.900168457999441,921251.0
2717,150.62790948447886,1.8764541841801425,872778.0
2718,149.9750693672592,2.3066868952721236,872778.0
2719,150.10159206186893,2.5838034194956494,1392834.0
2720,150.50864531647912,2.5139937736010793,1183597.0
2721,149.9351104467986,1.9582387558014545,1269709.0
2722,149.46559835394805,2.9302196655254753,1111913.0
2723,149.93904948680154,1.6472095761571945,1130402.0
2724,150.06325981458963,2.5760992586903675,584275.0
2725,149.8425851957683,2.14560964031336,872778.0
2726,150.2560423543813,1.5566073117950527,964484.0
2727,149.54572310063278,2.6841688098783565,714903.0
2728,150.50411000775088,1.8583251521235886,695868.0
2729,149.8071763759629,2.6556958197139933,872778.0
2730,150.40020680967166,2.0060136259029426,308173.0
2731,149.65826937031088,2.071268559806486,352027.0
2732,149.72005944403173,2.346594650621605,1393643.0
2733,150.27932687216745,2.8196706037947283,1379405.0
2734,150.66736539231684,2.1673611904752628,1008652.0
2735,150.2767453872693,1.623001781312268,1359724.0
2736,149.46348078568545,1.6486390331710927,899808.0
2737,150.38394161499147,2.876769332168589,1437458.0
2738,150.31299595669162,1.672496223335048,659163.0
2739,150.0380234460656,2.142468603050136,1495035.0
2740,149.93084247366102,2.3530189955208494,872778.0
2741,149.58751452995247,2.625592896193454,1251825.0
2742,150.36817875448915,2.629673154832019,170384.0
2743,149.57230636980927,2.6858650057685542,229616.0
2744,149.5963561440109,2.0952413666955376,1337997.0
2745,150.56989343391228,2.753209313753609,1073958.0
2746,150.7849166259294,2.8741027264657144,1541564.0
2747,150.43592271493236,2.673240462615088,1279318.0
2748,150.6999603308839,1.833117684559781,1044549.0
2749,149.96222840010262,2.0725485447664833,1396786.0
2750,149.6567979681123,1.8942309423154633,1184393.0
2751,150.53743147629126,2.9297607511916035,487494.0
2752,150.37035648345156,1.9944442545962855,955192.0
2753,150.15669203623406,2.8613784550973733,1353634.0
2754,150.56504032823293,2.858926888027011,694676.0
2755,150.22562527469418,2.55149752972894,678055.0
2756,150.42366277885364,1.7450729675941075,710486.0
2757,150.1421427681476,2.058028141937182,766505.0
2758,149.71489405823897,2.5499908022646287,872778.0
2759,149.71824949975132,2.6084691302821224,765571.0
2760,150.43596657533735,2.7562971603646838,1287520.0
2761,150.5620152223665,2.399238986580559,474417.0
2762,150.6000746214869,2.6813251890955923,1364171.0
2763,150.05648861499165,2.245284743561115,941605.0
2764,150.77231301972017,2.389122089949785,1204687.0
2765,150.7468363831107,1.5898579881889328,1569229.0
2766,149.50109520801269,1.581243451090875,581994.0
2767,149.80930114356468,1.5300374762882385,919968.0
2768,149.5148589786591,1.6698579867575551,1363612.0
2769,149.73584932802137,1.5123366976577994,843642.0
2770,149.90846044577867,1.7748076876364105,872778.0
2771,150.5440344631473,2.8391404085974643,907145.0
2772,150.22284266821868,2.52996447568058,987862.0
2773,150.5439802295281,1.8215725446381728,962774.0
2774,149.53102818307576,2.036537487724247,1356908.0
2775,150.4001555851197,1.8148035469313903,164366.0
2776,150.65229177392672,1.7364457795757648,542034.0
2777,150.5621454949908,1.6109240452931413,450142.0
2778,149.8399013448666,1.6889747865394482,214871.0
2779,149.59420012370177,1.5569862510704107,341783.0
2780,149.51562880441722,2.0600003024537004,899976.0
2781,149.8637597048592,2.2466970658113503,1070953.0
2782,150.65596964001304,2.0577181964735995,1563941.0
2783,149.61823158622212,2.467647020940108,173655.0
2784,150.2667925947549,1.8577941179799247,1353144.0
2785,150.18414227916773,1.6185219666923059,780734.0
2786,150.26782785657358,2.7941303624260514,1311134.0
2787,149.7000721632059,2.540105784974485,579213.0
2788,149.64282628205927,1.9578279351693177,326876.0
2789,149.96051635189838,1.7718857534943073,930711.0
2790,150.1142295638693,1.9561678790871635,346674.0
2791,150.46324960302093,2.5005805079519736,807965.0
2792,150.67754479722214,2.8541382826739676,684612.0
2793,150.5879635150116,2.8056933345474255,284004.0
2794,149.7683817140563,2.6049525591226574,930423.0
2795,149.89008581608155,1.6973256804529597,1185389.0
2796,150.56233394551725,1.8611202528769146,1053753.0
2797,150.0569298640916,1.778508096618365,1364171.0
2798,150.53954195383164,1.732854751370588,902399.0
2799,150.53924724922086,2.9206660658607326,529137.0
2800,150.17351932045682,1.8693367819608249,1492781.0
2801,149.4462533219322,2.548697897700679,1107782.0
2802,149.9916341648908,1.7508629117772856,1109367.0
2803,150.28553165196783,2.261311385451299,820679.0
2804,150.31580359151457,2.7832653911763607,424260.0
2805,150.63143688652588,1.7116109477844332,1198411.0
2806,150.35203334816433,2.8216067539357197,404575.0
2807,150.23942559890136,2.2867252548814827,1413222.0
2808,150.0785019347526,1.9046703028803242,623323.0
2809,149.52675991290198,2.9003057028433687,1532616.0
2810,150.4197050861372,1.5383460570709957,965329.0
2811,150.83355168396653,2.119266429486594,333706.0
2812,150.66293881225943,2.413224341715484,1089200.0
2813,149.88780887463432,1.7876111388100124,126169.0
2814,150.27734329852782,2.382186726446849,829685.0
2815,150.0652040827653,2.6433491639686224,890506.0
2816,150.49580337154782,2.7907674376562523,1129531.0
2817,149.57707516102386,2.7405328183128805,204080.0
2818,150.2322233486894,2.097165222409195,744832.0
2819,150.74085609229226,1.646459137525016,217998.0
2820,150.2467335541875,1.761418618917034,476913.0
2821,149.66626503405485,1.8984019570210207,872778.0
2822,150.7793636047851,2.249961643870765,1527385.0
2823,150.81483889767927,1.8992848279570607,835827.0
2824,150.34931870527097,2.566280182937596,1519627.0
2825,150.61479575393568,2.1162933691635284,297743.0
2826,149.47552345156612,2.5493236176179543,860934.0
2827,149.5938143379812,2.2619671976162246,1366696.0
2828,149.58923518270024,1.8367623789073144,1428322.0
2829,150.66804444484453,2.4067414228084045,215740.0
2830,150.34185524185682,1.9160378701315501,991826.0
2831,150.78433703806212,2.0073379927265873,735657.0
2832,149.82770907555016,2.3135562624503354,1265957.0
2833,150.54574244089292,2.4024250835988243,1109540.0
2834,149.60007397095242,2.2571818226418117,585715.0
2835,150.44097115662527,1.6008671679637698,1353474.0
2836,149.53830462927982,2.3152945966536413,800879.0
2837,150.08499136191293,1.6306219333819059,191811.0
2838,150.31618848276744,2.703356811880088,1033079.0
2839,149.48545921144213,2.5922691554223203,197742.0
2840,150.18261374664576,2.168585568951925,147322.0
2841,149.91312953507344,1.5228696561348696,273568.0
2842,150.1663699045217,2.247753826725508,598419.0
2843,149.50176286070175,2.2660778870315874,1034141.0
2844,149.44454575482672,2.5419998895105946,928846.0
2845,150.6617983912783,1.653595100477221,1492781.0
2846,149.90408734821955,1.751708063604486,1023953.0
2847,150.73076025724865,2.130653495200219,872778.0
2848,149.7046488467492,2.6696818958997977,1080301.0
2849,150.11305879976686,2.1032845108281943,959977.0
2850,149.47669362324817,1.5703696261793536,432195.0
2851,149.81356361125563,1.6878085492256445,242876.0
2852,150.2076404808642,1.7293848162741696,153705.0
2853,150.12593874383532,2.3567275374474748,1215017.0
2854,149.7998809698256,1.5924550978795824,975862.0
2855,149.58504807027245,2.545691997814824,700709.0
2856,150.39491339299346,2.077780373169078,515077.0
2857,150.7072189802292,1.6619720808229481,1034369.0
2858,150.47464516917412,1.5851613389702426,1225941.0
2859,150.66102617185933,2.9011182736769934,791718.0
2860,149.84317979112276,1.7733395478920526,1276396.0
2861,149.89824053973018,1.8789196005743254,735135.0
2862,149.50253313812001,2.205332331485101,360508.0
2863,150.04848800798086,1.8710624925854018,1157586.0
2864,149.94911342452986,1.5924533244780494,872778.0
2865,149.63817386762508,2.2617289703330616,750888.0
2866,149.9537954269812,2.548356173876763,204697.0
2867,150.06058005115463,2.417881944489416,543745.0
2868,150.2233663833817,1.977919260654959,1368888.0
2869,150.26516622823618,2.278994524281684,483967.0
2870,150.46694178080915,1.6689920559697193,974430.0
2871,149.44799381011995,2.062797030188371,335706.0
2872,150.26124734172373,2.18605800769956,911656.0
2873,149.84649405727492,2.7343595803392615,1199214.0
2874,150.56367733628818,2.7804399235820814,139281.0
2875,150.1329986544602,1.7001655887932063,872778.0
2876,150.6196745126055,2.183340623313,842188.0
2877,150.279949031952,2.6056722880733973,1177653.0
2878,150.306531087746,1.6343539406888767,1109812.0
2879,150.73205060609874,2.208806786042312,351271.0
2880,149.9411885081443,2.799362885855859,1299395.0
2881,149.95837056602392,1.9530220291853484,371872.0
2882,150.65876246172118,2.7854470902986925,1264520.0
2883,149.7081805597254,2.2957705613749164,540701.0
2884,150.75988403426808,2.7875635929727736,1013477.0
2885,150.33522201884952,2.375398803375344,872778.0
2886,150.5556717469371,2.3203077237956524,1351511.0
2887,150.82236759553436,1.780950570231293,1232903.0
2888,150.2784513756998,2.840652524345372,346674.0
2889,149.64175512503954,2.516933903152013,147322.0
2890,150.73778248105742,1.7200142710221633,872778.0
2891,149.89205998868275,1.8066371191458044,872778.0
2892,149.43943894579002,1.9345962697115877,177151.0
2893,150.0707342201178,2.068168891434356,1262680.0
2894,149.76836272305553,2.606839739269914,557757.0
2895,149.89736785619618,2.0010311682147517,1047938.0
2896,150.3623494888455,2.753571678251499,434485.0
2897,150.7689131097189,2.7942328664200202,348200.0
2898,149.87394352647854,2.463973166664285,1357845.0
2899,149.6838824799609,1.6653134246197931,802866.0
2900,149.6258861380657,1.7566895523237365,369668.0
2901,150.4042337871251,2.818959844965578,833404.0
2902,150.2445008292102,1.8974551692704003,355034.0
2903,150.06884476531988,2.9068975681615434,1062531.0
2904,149.9079115760936,2.313564748107758,503357.0
2905,150.50828323970904,2.1085117464349206,770198.0
2906,150.70836393912785,2.022811905770922,814674.0
2907,149.44381369934592,1.6474721084842228,623827.0
2908,149.6255041277859,2.215862262883552,787760.0
2909,150.21350338665394,2.658304246488721,977121.0
2910,150.18458868650075,1.8806725195361338,808843.0
2911,149.57395594306507,1.9610383597480092,872778.0
2912,150.06512049747892,1.7514170620382363,1095346.0
2913,149.60068614407965,1.7803871165422935,1507938.0
2914,149.86538854766223,2.189254669440112,824197.0
2915,150.1893898712936,1.8329105036983975,1401640.0
2916,149.7520351006227,1.9042232904870513,239061.0
2917,150.07594093439775,1.9252948575459614,1164211.0
2918,149.98460468906669,2.648721480258632,911594.0
2919,149.93581400827904,2.814190136009363,188040.0
2920,150.6002703666479,1.669022598160032,379901.0
2921,150.2380479201399,1.677018935769222,1038700.0
2922,149.87690080690848,1.8654104934439146,274935.0
2923,149.45271634362348,1.6292579462119976,1369516.0
2924,150.05419724543395,2.1379706163761862,1122368.0
2925,149.95550016410772,2.88761120404066,1107455.0
2926,150.00936372653678,1.6416994582940212,1368888.0
2927,149.58553488785458,2.2188833448635656,1539396.0
2928,149.9777420944695,2.206679672394809,973784.0
2929,149.9283378381882,2.201247621041201,225621.0
2930,150.24348133620757,2.289554310407438,628927.0
2931,150.3571083585506,2.542852548090715,1349726.0
2932,149.693254640654,1.6970564144207754,485553.0
2933,149.5734518304815,2.06633244556264,1553536.0
2934,150.81164902236108,2.4207123077628143,780734.0
2935,149.85093537441398,2.59608951526373,641577.0
2936,149.7200991469976,2.4394928622535264,1306358.0
2937,149.43831151795777,2.595504544656107,536243.0
2938,150.596202055399,2.4292950745456268,673088.0
2939,150.34424538752498,2.2082138492221635,866072.0
2940,150.02349124271356,1.577260135532453,1230715.0
2941,149.74940426671856,1.9783830803599673,202253.0
2942,150.65264287035575,2.4942927577825524,168479.0
2943,150.63957083504525,2.5719916658649993,753809.0
2944,149.86453169514527,2.2615711682209025,866064.0
2945,149.69047631611656,1.6099850183145439,872778.0
2946,150.04328977465937,2.0091105154209705,557757.0
2947,150.33242848552212,1.5899864850433771,191338.0
2948,150.70925485108197,2.2444178760650533,1320315.0
2949,150.48922372271662,2.024123942042759,675917.0
2950,149.86090694472713,1.7837177794982055,1435513.0
2951,150.21030547073028,2.455885671105457,676911.0
2952,149.75790713144173,2.020867937360486,308678.0
2953,150.78140662372806,2.0078396558837275,1356908.0
2954,149.69561481661503,2.6966097690616366,606475.0
2955,149.8743155800516,2.902775194239438,1086750.0
2956,149.84900336592244,2.161774219428962,1522828.0
2957,150.6459732948225,1.7067828585048834,1369999.0
2958,149.8542752078933,2.617636259916052,821153.0
2959,149.53830119290535,2.3507719322054776,1432065.0
2960,150.63712288550417,2.1011677256348706,157172.0
2961,149.9679931130365,2.354927346200956,395347.0
2962,150.53831684228044,2.383330954779583,995097.0
2963,149.8153269421074,1.6984688327369115,432855.0
2964,150.0919388692941,2.235766199453954,835729.0
2965,150.01720028773983,1.636706015535044,1412151.0
2966,150.3585860227886,1.6643561982459278,171781.0
2967,149.90390371320518,1.62575002656766,709119.0
2968,150.06250835674638,2.8802737271941226,967871.0
2969,150.29204426218126,2.5489115070466015,956010.0
2970,150.33938662980282,1.9155153222870902,575198.0
2971,149.98296376178993,2.785660972622308,1204625.0
2972,150.20012138440944,2.2128935764867226,1184732.0
2973,150.77237582423228,2.817681369278244,121967.0
2974,150.09334587281734,2.86234044962805,1441886.0
2975,149.95761995632242,1.545681906277029,1075969.0
2976,150.80252991739496,2.1866049704430255,351278.0
2977,149.70425351782757,1.5318514824382454,882443.0
2978,149.86905091048996,2.1426896014276697,1377239.0
2979,150.79692865993684,1.8743140429663974,882358.0
2980,150.341549469667,2.803662444275863,678055.0
2981,150.37032030115185,2.129590965402637,831125.0
2982,149.4438400152936,1.6298401928090753,777094.0
2983,150.4547000059929,2.2016726849873853,429829.0
2984,150.43885438815005,2.236238517481452,760411.0
2985,150.61850848481484,2.7130290262296626,1357698.0
2986,149.43501452112292,2.8623204750367197,913676.0
2987,149.9101330323813,2.302694101571238,1507001.0
2988,150.6294209402383,2.753129968562926,872778.0
2989,149.87632959583377,2.3458147689805715,562260.0
2990,149.86520702493422,2.179827792848269,1067113.0
2991,150.1884341970582,1.9319782459586483,1220977.0
2992,149.64493489009612,2.5378679245200937,1413204.0
2993,150.71160764565255,2.4808395151206732,1143563.0
2994,149.60035540060622,2.3488577711232597,872778.0
2995,150.048029052521,2.4458976871005507,490324.0
2996,150.7913841717694,2.6749058369670555,872778.0
2997,149.99451650091362,1.786200915933156,868543.0
2998,149.74747275784182,1.974934549001939,1376117.0
2999,150.01923179922662,2.043104852930191,1407352.0
3000,150.55151131800372,2.1452454597833923,1121597.0
3001,150.42334996914352,2.721044671555002,853610.0
3002,150.77825770798745,2.5447419359247414,1085782.0
3003,150.33583990176749,2.7569145328633953,314530.0
3004,149.7870781194393,1.5289498070553826,1227589.0
3005,150.72538400097784,2.4168163062715955,618533.0
3006,150.37719864965297,1.742646444681432,570405.0
3007,150.4525082346828,1.983691333595123,305945.0
3008,150.27533605616523,2.2245920470458533,718070.0
3009,149.80034002890088,2.4991215259245267,872778.0
3010,150.20627345568923,2.86165585288244,467645.0
3011,150.19405930733623,1.8554220033425497,839981.0
3012,149.85200206596673,2.0722584110716586,1584200.0
3013,150.54346892559656,2.668792332369972,1375508.0
3014,149.5197464055034,1.753996031118376,1025620.0
3015,149.8313965453396,1.749923301196056,1169955.0
3016,150.27364713565575,2.0520481053032213,198179.0
3017,149.4612903678394,2.8283364034618215,1338446.0
3018,149.71947645117058,2.932166483412942,1085666.0
3019,150.5455435537673,2.2910412188521465,1076069.0
3020,150.0900968673593,2.1388769577656706,872778.0
3021,150.33170158421078,2.2674103063866005,1428322.0
3022,149.58661478313275,2.8881376028614465,857449.0
3023,150.74741427951048,2.222829864170623,303136.0
3024,149.84919781533972,1.8477960289816742,678848.0
3025,150.42892739340346,2.105379093186427,446504.0
3026,150.21458176776764,1.599909558591188,738999.0
3027,149.59606629799663,2.472534010183978,1244490.0
3028,149.62410248073672,2.6914016687289224,1077537.0
3029,150.57967690661684,2.2501938559193357,659182.0
3030,149.57140963103782,1.7050893357861268,1325321.0
3031,150.4624356714349,2.23123945898584,341647.0
3032,150.6310848354385,2.6772316173902064,1487361.0
3033,150.6695510860369,2.5757992725948666,1336374.0
3034,149.47781799183593,2.198596745134077,616865.0
3035,149.5926952940935,1.805999911695978,1394963.0
3036,150.833217158831,2.510558663181291,196629.0
3037,149.54884495550516,2.273996416809246,122945.0
3038,149.93681179201735,2.3127732102545933,989271.0
3039,150.35946178120346,1.9731761792906783,1314227.0
3040,150.32755616307486,2.2060230849294062,436206.0
3041,150.61870902320516,2.5778984163926157,821153.0
3042,149.6332771183333,2.1754107937074214,706423.0
3043,150.0015247873741,2.3977677563337303,1526567.0
3044,150.40254466573714,2.1878358774448756,1016112.0
3045,150.0517958747788,2.664559898979082,1113742.0
3046,149.76232518447623,2.1629095277758927,1083366.0
3047,150.8341252151322,1.772260080387311,695813.0
3048,150.52613159648573,1.9631743494477825,637971.0
3049,150.58390087231749,1.5998227690351599,873638.0
3050,149.7029483572826,1.5770529437301524,1157586.0
3051,150.252846353392,1.6329013432325732,1406807.0
3052,149.47716081005072,1.8478682287922656,1184886.0
3053,149.99259370025518,2.099000726325972,1452809.0
3054,149.9521731030144,1.6092917433801863,1129014.0
3055,150.75737903810122,2.883445766795602,1351511.0
3056,149.85064164001685,2.1817549775740206,750991.0
3057,150.44192017005517,1.7335340529123986,435440.0
3058,150.1208345746838,1.7278061246657568,295201.0
3059,149.6573243134952,2.104979174968078,466190.0
3060,149.4841562641147,2.214556661122814,588501.0
3061,150.84605725941552,2.4747770440922894,489838.0
3062,149.83510128115324,1.7709468164556514,801694.0
3063,150.72124340440098,1.8261499762092728,236580.0
3064,149.98085751022194,2.735749189398719,588178.0
3065,149.94961859257927,2.4304637504582396,1302025.0
3066,150.4697000383972,2.3273384624684175,752180.0
3067,149.7519248141211,2.2229965468593975,1378872.0
3068,149.82248934661118,2.74448407742005,442541.0
3069,149.9623016238379,1.9537534803575272,694676.0
3070,150.4034987327234,2.360644507128386,1212896.0
3071,150.7389426639225,1.910454344655869,258257.0
3072,150.47795048068895,2.1507347934694803,759732.0
3073,150.61588611453055,2.8668960721552548,911030.0
3074,149.57006505401063,2.630810294722727,1442603.0
3075,150.0179763950403,2.6242160163414026,1107673.0
3076,150.31115396380528,1.6199722816243278,424079.0
3077,150.81720385860007,2.180616174132911,605519.0
3078,149.67924440535066,2.8243918420320453,1124935.0
3079,150.47387606131372,1.534667641345541,676517.0
3080,149.82169998484898,1.5640562650622716,478823.0
3081,150.60888208427642,2.8257973519552197,1087069.0
3082,150.6894319179726,1.6097900664142712,548307.0
3083,150.0810438608672,2.716661413142483,474532.0
3084,150.05595924007278,1.990948342122843,1281017.0
3085,150.28160449896222,2.4770023124173717,1420414.0
3086,149.5874422854728,2.033076943582452,316863.0
3087,149.7034046263852,2.5406430754484237,364367.0
3088,149.96345961569278,1.9705288941527244,821864.0
3089,150.1568323693361,1.7552704828810972,370668.0
3090,149.65062468516211,2.2072795155174836,623323.0
3091,149.61919938731978,2.3133449062451805,1343401.0
3092,149.66620281279955,2.1217349437154676,977792.0
3093,149.985920390158,1.5130952967064384,276951.0
3094,149.4403255558277,2.513073619718342,215921.0
3095,150.11761252504047,1.7569960972695262,416100.0
3096,149.59153399143173,1.805775223419576,1517009.0
3097,149.68562751996808,2.3442641211221535,609372.0
3098,150.02995768432615,1.8014469033913179,307381.0
3099,150.30977220279843,2.4203131856005498,872778.0
3100,150.45854558774744,2.626423109699906,1311426.0
3101,150.63557281520747,1.7968042684666339,872778.0
3102,150.58227943999444,2.418185132283268,278017.0
3103,149.58004204147616,2.8161764661048343,1186624.0
3104,149.99681509346053,2.6380434733694544,1331218.0
3105,150.80867663848397,2.3171170840456563,529478.0
3106,150.1967440939589,1.6803645236789104,1542868.0
3107,150.05142498600836,2.7839555498580255,930657.0
3108,149.9643141799423,2.49505865107451,752784.0
3109,150.75667499627738,2.1739748480031436,1508253.0
3110,150.52496084555588,1.6752502652148076,872778.0
3111,149.6196307066626,2.3031655214052833,1109812.0
3112,150.34927371521326,1.7338466052986636,1178832.0
3113,149.83324163698472,2.1233366529986712,996032.0
3114,150.2214366223134,1.831594167276051,1318054.0
3115,150.07456237116398,2.3326743300307853,375028.0
3116,150.20296161613794,2.2417021215054405,413341.0
3117,149.74844900378682,2.558726200790143,333115.0
3118,150.3778912756201,1.8211495622624188,1525266.0
3119,149.93352878974468,1.947387674845811,872778.0
3120,149.76824387091906,2.0017182901069095,1197736.0
3121,149.55819649349402,2.600643047999799,520649.0
3122,150.4972320735034,1.6461550295352925,872778.0
3123,149.80538258149986,1.8542245098752774,872778.0
3124,150.14168645843088,2.6670976886190703,651468.0
3125,150.30442223358665,1.6246072828152145,672898.0
3126,150.23413832008578,2.2034161061407636,1077640.0
3127,149.9656294507353,2.9208034775345997,1221483.0
3128,150.484342297975,2.137996547506531,119662.0
3129,149.94585825647485,2.2592716213975663,617485.0
3130,150.6473796433837,2.0997524948145947,1552474.0
3131,150.76679812835565,2.2982048461251505,369689.0
3132,150.4090684976778,2.282480725042474,872778.0
3133,150.74627435835083,1.8218963983123644,673058.0
3134,150.3607413702008,2.0479642567061926,242077.0
3135,149.5472060604162,2.4823645595457715,1388326.0
3136,150.54814680178546,1.9621849372427882,1105944.0
3137,149.53581184161627,2.8583795623909127,366664.0
3138,150.13315342446103,1.7665041617721546,738311.0
3139,150.4735779776454,2.3632642988821564,1050432.0
3140,149.96933126466064,1.8224777288214535,741050.0
3141,150.29569815489185,1.8592337317599066,907795.0
3142,149.91126865747233,2.3003454717154064,805679.0
3143,149.71872893399154,2.3689147686685597,629146.0
3144,150.43891335538441,2.206736183211241,279349.0
3145,149.9129087275991,1.7383900179288985,200846.0
3146,149.64753252356408,1.54337645694578,1091096.0
3147,150.078547312674,1.8441188817172511,1068590.0
3148,150.36368291512446,2.18565572134151,1339492.0
3149,150.64583995407176,2.9264190649516935,966019.0
3150,149.89024405930718,1.5432546748923532,295201.0
3151,149.93325586013316,2.0675659055475846,1097926.0
3152,149.84527269812202,2.0660674344804004,168569.0
3153,149.7162276967516,1.8707894468004356,1355775.0
3154,150.60428112876988,1.7591571905903791,191338.0
3155,149.8413510212329,1.888449714515737,805679.0
3156,149.8672822742798,1.8992839932144974,239011.0
3157,149.86630617896128,2.8217158081923,913312.0
3158,149.7786665498486,1.5912424478700422,388837.0
3159,150.77905554903646,2.3545063958768195,919968.0
3160,150.82832158814074,1.539444279773643,140934.0
3161,149.81880202296023,2.276322184342172,305945.0
3162,150.0235257873669,1.6361537666422086,697487.0
3163,150.5475111648854,2.6045961837836398,495233.0
3164,150.6841091339361,2.4245410368524927,911594.0
3165,149.89865432213858,1.771721436969063,125675.0
3166,149.5244826793993,2.155743212778733,305945.0
3167,150.80915902733878,2.8513927007416573,1268145.0
3168,149.97061646986273,2.204060242414226,592036.0
3169,150.5795562464307,2.3730468402254163,1487960.0
3170,150.80069897000158,2.2974793269269123,878473.0
3171,150.58468296570408,2.631216889975515,1087441.0
3172,149.89182521854062,2.498721812487585,579592.0
3173,150.28207611373858,1.7743622645774033,872778.0
3174,150.7621353370195,2.584545742497385,1277124.0
3175,149.93366168359884,2.8893590710188874,964484.0
3176,150.43917645535066,2.5279653385036047,1395298.0
3177,150.84837142319105,1.6961645627745838,744084.0
3178,150.1057080286761,2.531018320478876,1457921.0
3179,150.666471023125,1.8877035783647318,1333245.0
3180,149.82501792450367,1.551417511656893,763602.0
3181,150.81137788963775,1.7618040080579334,149679.0
3182,149.88585208093568,2.012954151069727,1368888.0
3183,149.46899533794678,2.1470014076628487,375887.0
3184,150.7128836509067,2.0184986831772465,1174701.0
3185,150.3760156149427,2.585159636445364,156310.0
3186,150.11885091250073,1.741897330849766,1157145.0
3187,149.96936286233998,2.1556228065828456,872778.0
3188,149.48795447918755,2.2568952731816334,149679.0
3189,150.1726908544524,1.7524138603500305,1428191.0
3190,150.25608112009533,2.738315118223842,1227589.0
3191,150.53945100476753,2.4509240919661224,695809.0
3192,150.0727841853456,1.5501886303625279,425223.0
3193,150.39542376792247,1.6946847485719752,350077.0
3194,150.68008235230874,1.7154049405103682,202096.0
3195,150.1827956733932,2.0268182284366905,257391.0
3196,149.8946803818079,1.8254402911452219,141040.0
3197,150.72973911259425,2.0081764364271457,541889.0
3198,150.5006618774394,2.1857157327174166,133765.0
3199,149.95162373428067,2.1160327861718273,1168042.0
3200,149.85718260844578,2.891103245468628,1395346.0
3201,150.44024277593238,2.0329953077464666,1398275.0
3202,150.3950389717913,1.9687674093823726,716993.0
3203,150.02178297055949,1.5765286242292142,872778.0
3204,150.76609817109164,2.6814411963181044,1321678.0
3205,149.83378950726856,2.6981419466437764,937841.0
3206,149.88128947527608,2.232260031535306,709270.0
3207,149.78816453548825,2.5681094868189174,1376117.0
3208,150.6260372141689,2.6624271103381942,221448.0
3209,149.83161424980005,1.9984990682168506,872778.0
3210,150.09931048575726,2.819540234183316,544636.0
3211,150.44819949736828,2.82953567564175,204228.0
3212,150.4545978105366,2.348140166691089,1353144.0
3213,149.9432463192581,2.5229667567102925,1120620.0
3214,150.09330982495936,1.6369814503548263,408085.0
3215,150.56010396785626,1.8694227988549736,895882.0
3216,150.45714719577364,1.992909251854575,1148729.0
3217,149.484314778173,1.7751397181008124,588802.0
3218,150.42040065893147,1.7472933474583567,623827.0
3219,149.54021162192586,2.4787320868421854,866156.0
3220,149.68760160078773,2.6202261018549624,1435385.0
3221,149.47803598859034,1.7696374239935009,468219.0
3222,149.73655886671193,2.529600642133288,1569002.0
3223,150.65998909941263,2.2184505212109196,414952.0
3224,149.99651331263163,2.7772559993915644,419706.0
3225,150.02197285196084,1.6536944090716867,532491.0
3226,149.76292631065488,2.5464101372701156,276873.0
3227,150.2742870686578,2.48412284671093,872778.0
3228,150.31162033741526,2.5881857427212944,558618.0
3229,149.82114039127742,2.5951498926263685,1517509.0
3230,150.46137757711665,2.208384639737342,1267468.0
3231,149.7651680548663,2.237416770087959,189826.0
3232,150.81957682325123,2.4912923977402945,872778.0
3233,150.58703405277393,1.6215257108761976,995551.0
3234,149.93838218287604,1.8662810526585565,1321349.0
3235,149.7692400214483,1.7403103614624216,687335.0
3236,150.69122436109444,2.572413321563677,170423.0
3237,149.62559732647742,1.5481817879854645,1295719.0
3238,150.30934839163228,2.1931320097941773,742271.0
3239,149.59366683738142,2.5648023635317188,1091096.0
3240,150.02619559489742,2.359855794457109,1166374.0
3241,150.55914866774947,2.0581411612437703,120546.0
3242,150.113776610965,2.034250690044308,872778.0
3243,150.55617195434027,2.154134442955673,1357698.0
3244,150.2658742677553,1.821938608240417,1525266.0
3245,150.54388592384922,2.2712409088184367,972268.0
3246,150.60155889017508,2.7951501170368735,436860.0
3247,150.4956128705557,2.159379148827522,1359837.0
3248,150.70596772973295,2.662472154180577,1235251.0
3249,150.07957561932298,2.1760753753963926,1058449.0
3250,149.5667564702753,1.605105141591791,837912.0
3251,149.770003993664,2.766280797000036,929423.0
3252,149.62868672157757,2.360283815074303,665936.0
3253,149.79851820563732,2.17798700597265,969602.0
3254,149.8621494372122,2.457751565026524,1532861.0
3255,150.6917110239237,2.176459058897695,549804.0
3256,149.93694492911084,2.136415631188255,854529.0
3257,150.82614526034973,1.7301728505210334,872778.0
3258,150.4226093702389,2.266806093398846,828829.0
3259,149.55498718376023,2.014642591584158,1318054.0
3260,149.69513641258123,2.4026707676246506,1217594.0
3261,150.04652058617663,2.293961706711259,708950.0
3262,150.04199288565027,2.7324970443018977,321532.0
3263,150.17976171646347,2.029967269672581,1381943.0
3264,150.52979133902735,1.9108975754435038,1258544.0
3265,150.27147249088634,1.6507316527080094,757962.0
3266,150.8159229232135,2.6971531908684696,934755.0
3267,150.3111183800955,2.3351356181726044,1290622.0
3268,150.47831061565668,2.661242543140726,1168863.0
3269,150.60280519735323,1.7101907457087784,864413.0
3270,150.62801296798028,1.5511534279988235,189298.0
3271,150.81763905750086,2.8789464739554402,1272823.0
3272,149.71157797499527,2.3754649765101825,1526007.0
3273,150.00953796726003,2.4107851518193577,558231.0
3274,150.7012252870434,1.594347864560863,1570595.0
3275,150.5510230882214,2.692746472498281,126169.0
3276,150.75845052860643,1.7431979127770365,948707.0
3277,149.44883168233602,1.5263300786097032,647526.0
3278,149.6872514351414,2.0601340953530953,604349.0
3279,149.73736726740924,2.9241217760249505,203323.0
3280,150.37437391271703,2.521539434993561,1131248.0
3281,150.57545466334864,2.8717990077300297,211322.0
3282,149.62601771849077,1.5557528578436732,491843.0
3283,150.55003477946505,2.5084876422810463,1102907.0
3284,149.74175301136646,2.101904672041381,215733.0
3285,149.60068008846866,1.8841704008673252,1396786.0
3286,150.36429283040877,2.32178566515568,872778.0
3287,150.52181992149931,1.8567960881050114,1318054.0
3288,150.75721920369435,1.8733714062044238,1124408.0
3289,149.88465864388198,2.527984630941606,1039922.0
3290,150.5414131133283,1.8588683698685946,1074965.0
3291,149.67820919208302,1.5145809293017944,969210.0
3292,150.42344716001168,2.907561137665007,955192.0
3293,149.5668573375217,2.234325878744751,872778.0
3294,150.32544107366962,2.687664726189298,594583.0
3295,150.4631472401183,2.9139326974927595,356519.0
3296,149.90289632907582,2.103709770633303,586216.0
3297,149.6448938535991,2.177743363022871,478998.0
3298,150.15384679951774,2.5135911578608434,1015185.0
3299,150.31662498168768,2.166697362190164,1289140.0
3300,150.75937535204488,2.05858979183895,820679.0
3301,150.43275090626224,2.8074704185266723,1457137.0
3302,150.36093409376642,2.006498350260287,1429608.0
3303,149.46055404374584,1.794020208069202,309170.0
3304,150.65014569730732,1.8998931277886086,904377.0
3305,150.25061370469726,2.350231372501249,445581.0
3306,150.0993843821499,2.0433356218933705,915239.0
3307,150.13364361513442,2.7233391317083235,416671.0
3308,149.8484902575693,1.6789119820467222,309065.0
3309,149.82074969816856,2.861105580456086,1186624.0
3310,150.81544832508024,2.903112161472432,1055966.0
3311,149.85982133763065,1.7031145080137442,872778.0
3312,150.6014269368258,1.5767662063216399,1128413.0
3313,149.61851377914778,1.6386478173977974,828829.0
3314,149.7502530889091,1.872386778499378,1431962.0
3315,150.44927338060026,2.157173250556918,322134.0
3316,149.51816956250707,2.3151064547038986,872778.0
3317,149.80281721953818,2.3944081416422325,189679.0
3318,149.9799283975492,2.0279919775880666,846934.0
3319,150.1053908809268,2.0565862823821686,872778.0
3320,150.33486948246258,2.880475313250198,653919.0
3321,149.50502365236576,1.7249881474679778,1244566.0
3322,150.44558183323747,2.7773189432325522,387524.0
3323,149.91276887808166,1.8154788224417786,872778.0
3324,149.61100319684562,2.1279935298983963,1458456.0
3325,149.49452203199388,2.7030643543278687,963472.0
3326,150.55519431586416,1.7970809496037092,588946.0
3327,150.32590407926378,2.7039740810798656,1410485.0
3328,150.6504100445733,2.6458449622372537,1097926.0
3329,150.65899121825154,2.6851257266239186,1461032.0
3330,150.2940547881229,2.112989095992204,965277.0
3331,150.624863814802,2.6811665211115,1008362.0
3332,150.61404228476312,2.864382434443408,1360015.0
3333,150.82310451739605,2.827725671633484,1472524.0
3334,150.3557487978625,1.8313021369320135,485942.0
3335,149.72208170586313,2.6735299370635235,1049759.0
3336,150.22378951717317,2.6690509790555126,863159.0
3337,150.40674611908003,2.8240690955229097,178423.0
3338,150.18446577528488,1.9930180321522437,1200624.0
3339,150.37472666942313,2.0836499180154227,714903.0
3340,150.0576096549207,1.8874749696464268,1012450.0
3341,149.45369744238351,1.8678983325209413,872778.0
3342,149.5860008067281,2.6015799475211736,401784.0
3343,150.15064105638686,2.869200494352336,1308601.0
3344,150.55293929154212,2.0933020543788547,926842.0
3345,149.7867153434088,2.160115020062638,797006.0
3346,149.99139429396737,2.7726712584236077,1395298.0
3347,150.3935277491914,1.9024875638048566,159515.0
3348,149.6518638270308,2.7925121278057503,1070953.0
3349,150.07799360142488,2.0477662597692174,752180.0
3350,149.68785943827325,2.2849500876969047,929694.0
3351,149.7525349859952,1.9109805001358562,198547.0
3352,149.7488187408156,2.035610149069421,1256881.0
3353,150.02820087547946,2.886035475599453,197439.0
3354,150.43929450937623,2.5340943789196366,1360551.0
3355,150.3181203169441,1.8399043616512512,872778.0
3356,150.36287396252303,1.6577152389410639,736765.0
3357,150.5001796287904,1.807552359414398,1072622.0
3358,150.01333451730304,2.1410038278266237,1167027.0
3359,150.55552997944818,1.5947141136452094,1025383.0
3360,150.76492363357568,2.2446412015951873,1527346.0
3361,150.38921248290288,2.5085974446339088,196759.0
3362,149.76734183855888,2.548781752538191,1356385.0
3363,150.50949215247033,2.0195227133277633,966980.0
3364,150.203293239892,1.7495678791551432,237270.0
3365,149.4603911417504,1.9112387530532196,322134.0
3366,149.94365047008995,2.8737481327203724,1347835.0
3367,150.4618051345038,2.463725369026169,1491079.0
3368,149.85920739421542,2.8982237953882994,404460.0
3369,149.50265187751452,2.151888988328492,270153.0
3370,149.5848877045826,1.7840009351402029,337561.0
3371,149.74732332376726,1.931085000798595,1472524.0
3372,150.3638631901591,1.5285721559719903,327828.0
